PARCELID,sold_date,sold_price,deed_type,acre_area,has_house,owner_state
16-05644-000,6/19/2018,0.0,DC(DEATH CERTIFICATE),0.36,True,AR
16-05644-000,3/12/2018,0.0,WD(WARRANTY DEED),0.36,True,AR
16-05644-000,3/12/2018,0.0,TRWD(TRUSTEES WARRANTY DEED),0.36,True,AR
16-05644-000,11/22/2011,0.0,WD(WARRANTY DEED),0.36,True,AR
16-05644-000,11/22/2011,0.0,WD(WARRANTY DEED),0.36,True,AR
16-05644-000,11/14/2007,0.0,CERT(CERTIFICATE),0.36,True,AR
16-05644-000,11/14/2007,0.0,WD(WARRANTY DEED),0.36,True,AR
16-05644-000,7/7/2005,180000.0,WD(WARRANTY DEED),0.36,True,AR
16-05644-000,7/1/2004,4000.0,WD(WARRANTY DEED),0.36,True,AR
16-05644-000,7/1/2004,0.0,MEMO(MEMORANDUM),0.36,True,AR
16-05644-000,12/5/2001,0.0,WD(WARRANTY DEED),0.36,True,AR
16-05644-000,2/8/1990,5000.0,WD(WARRANTY DEED),0.36,True,AR
16-05645-000,6/22/2020,143000.0,WD(WARRANTY DEED),0.27,True,AR
16-05645-000,6/5/2006,110000.0,WD(WARRANTY DEED),0.27,True,AR
16-05645-000,3/15/2005,88000.0,WD(WARRANTY DEED),0.27,True,AR
16-05645-000,11/1/2004,4000.0,WD(WARRANTY DEED),0.27,True,AR
16-05645-000,5/6/1994,0.0,WD(WARRANTY DEED),0.27,True,AR
16-05645-000,3/30/1994,0.0,DC(DEATH CERTIFICATE),0.27,True,AR
16-05645-000,2/20/1981,7000.0,WD(WARRANTY DEED),0.27,True,AR
16-05646-000,12/16/2020,0.0,QCD(QUITCLAIM DEED),0.29,False,AR
16-05646-000,10/22/2020,3000.0,QCD(QUITCLAIM DEED),0.29,False,AR
16-05646-000,5/21/2002,0.0,QCD(QUITCLAIM DEED),0.29,False,AR
16-05646-000,8/9/1996,0.0,QCD(QUITCLAIM DEED),0.29,False,AR
16-05646-000,9/15/1994,0.0,WD(WARRANTY DEED),0.29,False,AR
16-05646-000,12/6/1991,1000.0,WD(WARRANTY DEED),0.29,False,AR
16-05646-000,12/6/1991,1000.0,WD(WARRANTY DEED),0.29,False,AR
16-05646-000,6/23/1989,5000.0,WD(WARRANTY DEED),0.29,False,AR
16-05647-000,5/23/2018,0.0,WD(WARRANTY DEED),0.3,True,AR
16-05647-000,9/12/2008,150000.0,WD(WARRANTY DEED),0.3,True,AR
16-05647-000,10/4/2005,170000.0,WD(WARRANTY DEED),0.3,True,AR
16-05647-000,6/21/2004,4000.0,WD(WARRANTY DEED),0.3,True,AR
16-05647-000,5/28/1992,1000.0,WD(WARRANTY DEED),0.3,True,AR
16-05647-000,5/28/1992,1000.0,WD(WARRANTY DEED),0.3,True,AR
16-05647-000,12/6/1988,4500.0,WD(WARRANTY DEED),0.3,True,AR
16-05648-000,6/14/2016,4000.0,WD(WARRANTY DEED),0.29,False,AR
16-05648-000,11/18/2004,1000.0,WD(WARRANTY DEED),0.29,False,AR
16-05648-000,4/6/1992,0.0,WD(WARRANTY DEED),0.29,False,AR
16-05648-000,8/22/1991,0.0,WD(WARRANTY DEED),0.29,False,AR
16-05648-000,3/1/1989,7500.0,WD(WARRANTY DEED),0.29,False,AR
16-05648-000,5/7/1979,0.0,HIST(HISTORICAL),0.29,False,AR
16-05648-000,3/23/1978,0.0,WD(WARRANTY DEED),0.29,False,AR
16-05648-000,10/25/1977,0.0,WD(WARRANTY DEED),0.29,False,AR
16-05649-000,1/12/2010,0.0,CERT(CERTIFICATE),0.35,True,AR
16-05649-000,1/12/2010,0.0,BD(BENEFICIARY DEED),0.35,True,AR
16-05649-000,5/1/2009,113000.0,WD(WARRANTY DEED),0.35,True,AR
16-05649-000,5/21/2007,0.0,QCD(QUITCLAIM DEED),0.35,True,AR
16-05649-000,3/20/2006,0.0,WD(WARRANTY DEED),0.35,True,AR
16-05649-000,2/11/2005,1000.0,WD(WARRANTY DEED),0.35,True,AR
16-05649-000,7/8/2004,0.0,WD(WARRANTY DEED),0.35,True,AR
16-05649-000,9/6/2002,0.0,QCD(QUITCLAIM DEED),0.35,True,AR
16-05650-000,11/6/2020,313000.0,WD(WARRANTY DEED),0.4,True,AR
16-05650-000,1/24/2017,241000.0,WD(WARRANTY DEED),0.4,True,AR
16-05650-000,6/3/2011,0.0,WD(WARRANTY DEED),0.4,True,AR
16-05650-000,6/3/2011,0.0,CERT(CERTIFICATE),0.4,True,AR
16-05650-000,9/5/2006,223000.0,WD(WARRANTY DEED),0.4,True,AR
16-05650-000,11/4/2005,0.0,WD(WARRANTY DEED),0.4,True,AR
16-05650-000,10/24/2005,5000.0,CWD(CORPORATION WARRANTY DEED),0.4,True,AR
16-05650-000,2/11/2005,3333.0,WD(WARRANTY DEED),0.4,True,AR
16-05650-000,2/11/2005,0.0,CORRWD(CORRECTED WARRANTY DEED),0.4,True,AR
16-05650-000,8/19/2002,0.0,WD(WARRANTY DEED),0.4,True,AR
16-05650-000,1/15/1995,1000.0,WD(WARRANTY DEED),0.4,True,AR
16-05650-000,8/24/1994,0.0,WD(WARRANTY DEED),0.4,True,AR
16-05650-000,1/21/1992,0.0,CORRWD(CORRECTED WARRANTY DEED),0.4,True,AR
16-05650-000,1/10/1992,1000.0,WD(WARRANTY DEED),0.4,True,AR
16-05650-000,2/20/1991,5000.0,WD(WARRANTY DEED),0.4,True,AR
16-05651-000,11/6/2020,313000.0,WD(WARRANTY DEED),0.34,True,AR
16-05651-000,1/24/2017,241000.0,WD(WARRANTY DEED),0.34,True,AR
16-05651-000,6/2/2015,4000.0,WD(WARRANTY DEED),0.34,True,AR
16-05651-000,12/13/2002,0.0,RD(REDEMPTION DEED),0.34,True,AR
16-05651-000,7/26/1983,5000.0,WD(WARRANTY DEED),0.34,True,AR
16-05652-000,2/27/2025,0.0,OBIT(OBITUARY),0.35,True,AR
16-05652-000,11/24/2017,0.0,ML(MARRIAGE LICENSE),0.35,True,AR
16-05652-000,2/23/2017,185000.0,WD(WARRANTY DEED),0.35,True,AR
16-05652-000,1/4/2011,168000.0,WD(WARRANTY DEED),0.35,True,AR
16-05652-000,4/15/2009,77000.0,WD(WARRANTY DEED),0.35,True,AR
16-05652-000,1/14/2009,0.0,MTG-D(MORTGAGEE'S DEED),0.35,True,AR
16-05652-000,2/22/2007,225000.0,WD(WARRANTY DEED),0.35,True,AR
16-05652-000,11/4/2005,0.0,CORRWD(CORRECTED WARRANTY DEED),0.35,True,AR
16-05652-000,10/24/2005,5000.0,CWD(CORPORATION WARRANTY DEED),0.35,True,AR
16-05652-000,2/22/2005,3000.0,WD(WARRANTY DEED),0.35,True,AR
16-05652-000,2/16/2001,0.0,DC(DEATH CERTIFICATE),0.35,True,AR
16-05652-000,4/10/1990,6000.0,WD(WARRANTY DEED),0.35,True,AR
16-05653-000,7/21/1998,0.0,RD(REDEMPTION DEED),0.35,False,TX
16-05653-000,8/3/1994,0.0,RD(REDEMPTION DEED),0.35,False,TX
16-05654-000,11/20/2020,324000.0,WD(WARRANTY DEED),0.31,True,AR
16-05654-000,8/31/2018,245000.0,WD(WARRANTY DEED),0.31,True,AR
16-05654-000,5/22/2017,6000.0,WD(WARRANTY DEED),0.31,True,AR
16-05654-000,6/29/2012,16000.0,CWD(CORPORATION WARRANTY DEED),0.31,True,AR
16-05654-000,4/6/2004,4000.0,WD(WARRANTY DEED),0.31,True,AR
16-05654-000,1/16/2001,0.0,RD(REDEMPTION DEED),0.31,True,AR
16-05654-000,12/30/1988,8000.0,WD(WARRANTY DEED),0.31,True,AR
16-05654-000,8/31/1987,0.0,CONT(CONTRACT),0.31,True,AR
16-05655-000,5/29/2024,0.0,DC(DEATH CERTIFICATE),0.28,True,AR
16-05655-000,4/5/2019,242000.0,WD(WARRANTY DEED),0.28,True,AR
16-05655-000,5/22/2017,6000.0,WD(WARRANTY DEED),0.28,True,AR
16-05655-000,6/29/2012,16000.0,CWD(CORPORATION WARRANTY DEED),0.28,True,AR
16-05655-000,4/6/2004,4000.0,WD(WARRANTY DEED),0.28,True,AR
16-05655-000,8/25/1994,1000.0,CWD(CORPORATION WARRANTY DEED),0.28,True,AR
16-05655-000,6/7/1994,0.0,RD(REDEMPTION DEED),0.28,True,AR
16-05655-000,4/22/1994,0.0,WD(WARRANTY DEED),0.28,True,AR
16-05655-000,12/4/1984,6500.0,WD(WARRANTY DEED),0.28,True,AR
16-05656-000,3/25/2020,230000.0,SWD(SPECIAL WARRANTY DEED),0.31,True,AR
16-05656-000,5/13/2019,0.0,WD(WARRANTY DEED),0.31,True,AR
16-05656-000,3/17/2017,5500.0,WD(WARRANTY DEED),0.31,True,AR
16-05656-000,7/8/1997,1000.0,WD(WARRANTY DEED),0.31,True,AR
16-05656-000,5/28/1997,0.0,DC(DEATH CERTIFICATE),0.31,True,AR
16-05656-000,2/22/1996,1000.0,CWD(CORPORATION WARRANTY DEED),0.31,True,AR
16-05656-000,7/19/1995,1000.0,WD(WARRANTY DEED),0.31,True,AR
16-05656-000,1/27/1978,5000.0,WD(WARRANTY DEED),0.31,True,AR
16-05657-000,3/23/2021,10000.0,WD(WARRANTY DEED),0.29,False,AR
16-05657-000,12/28/2005,12000.0,WD(WARRANTY DEED),0.29,False,AR
16-05657-000,3/10/1992,5000.0,WD(WARRANTY DEED),0.29,False,AR
16-05658-000,10/16/2015,178000.0,WD(WARRANTY DEED),0.32,True,AR
16-05658-000,9/24/2007,193000.0,WD(WARRANTY DEED),0.32,True,AR
16-05658-000,1/16/2006,0.0,DC(DEATH CERTIFICATE),0.32,True,AR
16-05658-000,8/18/2005,176000.0,CORRWD(CORRECTED WARRANTY DEED),0.32,True,AR
16-05658-000,6/14/2005,176000.0,WD(WARRANTY DEED),0.32,True,AR
16-05658-000,6/14/2005,0.0,POA(POWER OF ATTORNEY),0.32,True,AR
16-05658-000,2/23/2004,1000.0,WD(WARRANTY DEED),0.32,True,AR
16-05658-000,5/21/2003,0.0,WD(WARRANTY DEED),0.32,True,AR
16-05658-000,12/2/1992,1000.0,WD(WARRANTY DEED),0.32,True,AR
16-05658-000,1/3/1992,0.0,DC(DEATH CERTIFICATE),0.32,True,AR
16-05658-000,9/2/1977,5000.0,WD(WARRANTY DEED),0.32,True,AR
16-05659-000,3/26/2019,8500.0,WD(WARRANTY DEED),0.28,False,AR
16-05659-000,6/4/2018,4250.0,WD(WARRANTY DEED),0.28,False,AR
16-05659-000,4/18/2006,32000.0,WD(WARRANTY DEED),0.28,False,AR
16-05659-000,9/9/2005,3000.0,WD(WARRANTY DEED),0.28,False,AR
16-05659-000,9/30/1999,0.0,POA(POWER OF ATTORNEY),0.28,False,AR
16-05659-000,1/30/1986,0.0,WD(WARRANTY DEED),0.28,False,AR
16-05659-000,1/17/1985,0.0,WD(WARRANTY DEED),0.28,False,AR
16-05659-000,2/16/1981,0.0,WD(WARRANTY DEED),0.28,False,AR
16-05660-000,2/18/2022,340000.0,WD(WARRANTY DEED),0.3,True,AR
16-05660-000,7/11/2002,2000.0,WD(WARRANTY DEED),0.3,True,AR
16-05660-000,10/23/1980,6000.0,WD(WARRANTY DEED),0.3,True,AR
16-05661-000,8/16/2024,12000.0,TRWD(TRUSTEES WARRANTY DEED),0.26,False,AR
16-05661-000,8/20/2010,0.0,SWD(SPECIAL WARRANTY DEED),0.26,False,AR
16-05661-000,8/20/2010,0.0,CERT(CERTIFICATE),0.26,False,AR
16-05661-000,5/31/2010,0.0,DC(DEATH CERTIFICATE),0.26,False,AR
16-05661-000,6/2/1993,1000.0,WD(WARRANTY DEED),0.26,False,AR
16-05661-000,2/1/1991,0.0,ML(MARRIAGE LICENSE),0.26,False,AR
16-05661-000,11/5/1981,1000.0,QCD(QUITCLAIM DEED),0.26,False,AR
16-05662-000,1/8/2022,0.0,QCD(QUITCLAIM DEED),0.29,False,CA
16-05662-000,12/8/2006,25000.0,WD(WARRANTY DEED),0.29,False,CA
16-05662-000,10/17/2005,6000.0,WD(WARRANTY DEED),0.29,False,CA
16-05662-000,1/12/2004,0.0,QCD(QUITCLAIM DEED),0.29,False,CA
16-05662-000,5/6/2003,0.0,QCD(QUITCLAIM DEED),0.29,False,CA
16-05662-000,5/6/2003,0.0,QCD(QUITCLAIM DEED),0.29,False,CA
16-05662-000,3/17/2002,0.0,DC(DEATH CERTIFICATE),0.29,False,CA
16-05662-000,9/22/1989,2000.0,WD(WARRANTY DEED),0.29,False,CA
16-05662-000,3/3/1989,0.0,CONT(CONTRACT),0.29,False,CA
16-05662-000,10/13/1984,0.0,DC(DEATH CERTIFICATE),0.29,False,CA
16-05662-000,9/21/1977,7000.0,WD(WARRANTY DEED),0.29,False,CA
16-05663-000,3/7/2022,8000.0,TRWD(TRUSTEES WARRANTY DEED),0.33,False,AR
16-05663-000,5/29/2010,0.0,DC(DEATH CERTIFICATE),0.33,False,AR
16-05663-000,1/3/2000,0.0,WD(WARRANTY DEED),0.33,False,AR
16-05663-000,4/29/1999,0.0,CERT(CERTIFICATE),0.33,False,AR
16-05663-000,6/10/1995,0.0,DC(DEATH CERTIFICATE),0.33,False,AR
16-05663-000,2/22/1990,7000.0,WD(WARRANTY DEED),0.33,False,AR
16-05664-000,2/14/2017,0.0,WD(WARRANTY DEED),0.32,False,AR
16-05664-000,2/1/2017,0.0,TRAG(TRUST AGREEMENT),0.32,False,AR
16-05664-000,11/15/2000,0.0,RD(REDEMPTION DEED),0.32,False,AR
16-05664-000,6/30/1993,1000.0,WD(WARRANTY DEED),0.32,False,AR
16-05664-000,4/14/1993,1000.0,COMMD(COMMISSIONERS DEED),0.32,False,AR
16-05664-000,9/28/1992,0.0,RD(REDEMPTION DEED),0.32,False,AR
16-05664-000,11/24/1981,8000.0,WD(WARRANTY DEED),0.32,False,AR
16-05665-000,4/16/2024,0.0,WD(WARRANTY DEED),0.32,True,AR
16-05665-000,6/30/2011,5000.0,WD(WARRANTY DEED),0.32,True,AR
16-05665-000,8/2/1990,7000.0,WD(WARRANTY DEED),0.32,True,AR
16-05666-000,4/16/2024,0.0,WD(WARRANTY DEED),0.34,False,AR
16-05666-000,8/14/2013,0.0,CWD(CORPORATION WARRANTY DEED),0.34,False,AR
16-05666-000,8/14/2013,4000.0,WD(WARRANTY DEED),0.34,False,AR
16-05666-000,10/5/2005,0.0,WD(WARRANTY DEED),0.34,False,AR
16-05666-000,1/9/1990,0.0,DC(DEATH CERTIFICATE),0.34,False,AR
16-05666-000,9/29/1989,6400.0,WD(WARRANTY DEED),0.34,False,AR
16-05667-000,6/17/2004,3000.0,WD(WARRANTY DEED),0.33,False,FL
16-05667-000,9/3/1998,0.0,RD(REDEMPTION DEED),0.33,False,FL
16-05667-000,3/5/1986,0.0,WD(WARRANTY DEED),0.33,False,FL
16-05668-000,8/20/2024,300000.0,WD(WARRANTY DEED),0.25,True,AR
16-05668-000,4/3/2023,0.0,WD(WARRANTY DEED),0.25,True,AR
16-05668-000,9/27/2022,5000.0,WD(WARRANTY DEED),0.25,True,AR
16-05668-000,8/17/2009,1000.0,QCD(QUITCLAIM DEED),0.25,True,AR
16-05668-000,9/27/2005,50000.0,WD(WARRANTY DEED),0.25,True,AR
16-05668-000,12/9/2004,0.0,QCD(QUITCLAIM DEED),0.25,True,AR
16-05668-000,2/19/2004,1000.0,WD(WARRANTY DEED),0.25,True,AR
16-05668-000,12/14/1989,6000.0,WD(WARRANTY DEED),0.25,True,AR
16-05669-000,3/19/2025,0.0,QCD(QUITCLAIM DEED),0.38,False,AR
16-05669-000,3/18/2025,0.0,DISTRIB(DEED OF DISTRIBUTION & DISTRIBUTEE'S DEED),0.38,False,AR
16-05669-000,3/18/2025,0.0,DISTRIB(DEED OF DISTRIBUTION & DISTRIBUTEE'S DEED),0.38,False,AR
16-05669-000,3/4/2025,0.0,DISTRIB(DEED OF DISTRIBUTION & DISTRIBUTEE'S DEED),0.38,False,AR
16-05669-000,3/3/2025,0.0,AFF(AFFIDAVIT),0.38,False,AR
16-05669-000,10/17/2007,20000.0,WD(WARRANTY DEED),0.38,False,AR
16-05669-000,3/6/2006,500000.0,WD(WARRANTY DEED),0.38,False,AR
16-05669-000,10/21/2005,6000.0,WD(WARRANTY DEED),0.38,False,AR
16-05669-000,10/26/2001,1000.0,WD(WARRANTY DEED),0.38,False,AR
16-05669-000,5/16/2000,0.0,CERT(CERTIFICATE),0.38,False,AR
16-05669-000,5/3/1993,9000.0,WD(WARRANTY DEED),0.38,False,AR
16-05669-000,9/3/1991,5000.0,WD(WARRANTY DEED),0.38,False,AR
16-05669-000,11/22/1989,0.0,CONT(CONTRACT),0.38,False,AR
16-05669-000,2/6/1989,8000.0,WD(WARRANTY DEED),0.38,False,AR
16-05669-000,3/19/1985,10000.0,WD(WARRANTY DEED),0.38,False,AR
16-05669-000,3/6/1985,6000.0,WD(WARRANTY DEED),0.38,False,AR
16-05670-000,7/27/2018,195000.0,WD(WARRANTY DEED),0.5,True,AR
16-05670-000,10/10/2008,150000.0,WD(WARRANTY DEED),0.5,True,AR
16-05670-000,2/28/2002,2000.0,WD(WARRANTY DEED),0.5,True,AR
16-05670-000,8/2/1983,5000.0,WD(WARRANTY DEED),0.5,True,AR
16-05671-000,12/18/2024,8000.0,WD(WARRANTY DEED),0.34,False,AR
16-05671-000,12/18/2024,0.0,CORRQC(CORRECTED QUIT CLAIM DEED),0.34,False,AR
16-05671-000,2/20/2004,0.0,QCD(QUITCLAIM DEED),0.34,False,AR
16-05671-000,12/6/2001,1000.0,CWD(CORPORATION WARRANTY DEED),0.34,False,AR
16-05671-000,11/5/2001,0.0,RD(REDEMPTION DEED),0.34,False,AR
16-05671-000,10/30/2001,0.0,COMMD(COMMISSIONERS DEED),0.34,False,AR
16-05671-000,4/16/1993,0.0,WD(WARRANTY DEED),0.34,False,AR
16-05671-000,4/16/1993,2000.0,WD(WARRANTY DEED),0.34,False,AR
16-05671-000,3/14/1985,6000.0,WD(WARRANTY DEED),0.34,False,AR
16-05672-000,5/16/2025,0.0,QCD(QUITCLAIM DEED),0.34,True,AR
16-05672-000,8/14/2015,106000.0,WD(WARRANTY DEED),0.34,True,AR
16-05672-000,8/3/2015,0.0,QCD(QUITCLAIM DEED),0.34,True,AR
16-05672-000,7/6/2005,116000.0,WD(WARRANTY DEED),0.34,True,AR
16-05672-000,5/21/2004,3000.0,WD(WARRANTY DEED),0.34,True,AR
16-05672-000,12/17/1982,0.0,CONT(CONTRACT),0.34,True,AR
16-05672-000,8/25/1981,5000.0,WD(WARRANTY DEED),0.34,True,AR
16-05672-000,5/5/1980,7000.0,WD(WARRANTY DEED),0.34,True,AR
16-05673-000,9/15/2021,0.0,BD(BENEFICIARY DEED),0.45,False,AR
16-05673-000,5/27/2021,4000.0,WD(WARRANTY DEED),0.45,False,AR
16-05673-000,1/24/2012,0.0,DC(DEATH CERTIFICATE),0.45,False,AR
16-05673-000,3/11/2003,0.0,WD(WARRANTY DEED),0.45,False,AR
16-05673-000,2/2/1983,8000.0,WD(WARRANTY DEED),0.45,False,AR
16-05674-000,9/15/2021,0.0,BD(BENEFICIARY DEED),0.32,True,AR
16-05674-000,1/26/2015,0.0,SWD(SPECIAL WARRANTY DEED),0.32,True,AR
16-05674-000,8/7/2014,0.0,MTG-D(MORTGAGEE'S DEED),0.32,True,AR
16-05674-000,3/19/2014,0.0,CORRWD(CORRECTED WARRANTY DEED),0.32,True,AR
16-05674-000,2/27/2006,149000.0,WD(WARRANTY DEED),0.32,True,AR
16-05674-000,3/18/2005,8000.0,WD(WARRANTY DEED),0.32,True,AR
16-05674-000,3/10/2003,4000.0,WD(WARRANTY DEED),0.32,True,AR
16-05674-000,8/19/1991,1500.0,WD(WARRANTY DEED),0.32,True,AR
16-05674-000,12/30/1988,5000.0,WD(WARRANTY DEED),0.32,True,AR
16-05675-000,9/1/2021,204000.0,WD(WARRANTY DEED),0.44,True,NC
16-05675-000,12/9/2016,0.0,QCD(QUITCLAIM DEED),0.44,True,NC
16-05675-000,3/11/2015,113000.0,WD(WARRANTY DEED),0.44,True,NC
16-05675-000,7/29/2014,70000.0,SWD(SPECIAL WARRANTY DEED),0.44,True,NC
16-05675-000,12/30/2013,0.0,MTG-D(MORTGAGEE'S DEED),0.44,True,NC
16-05675-000,12/5/2008,0.0,WD(WARRANTY DEED),0.44,True,NC
16-05675-000,12/4/2008,135000.0,WD(WARRANTY DEED),0.44,True,NC
16-05675-000,10/23/2006,0.0,CORRWD(CORRECTED WARRANTY DEED),0.44,True,NC
16-05675-000,9/5/2006,126000.0,WD(WARRANTY DEED),0.44,True,NC
16-05675-000,2/17/2006,121000.0,WD(WARRANTY DEED),0.44,True,NC
16-05675-000,3/18/2005,8000.0,WD(WARRANTY DEED),0.44,True,NC
16-05675-000,3/10/2003,2000.0,WD(WARRANTY DEED),0.44,True,NC
16-05675-000,10/1/1924,0.0,WD(WARRANTY DEED),0.44,True,NC
16-05676-000,12/13/2022,3000.0,COMMD(COMMISSIONERS DEED),0.33,False,AR
16-05676-000,1/28/2013,1000.0,WD(WARRANTY DEED),0.33,False,AR
16-05676-000,11/20/2012,65000.0,WD(WARRANTY DEED),0.33,False,AR
16-05676-000,3/18/2009,0.0,QCD(QUITCLAIM DEED),0.33,False,AR
16-05676-000,11/24/2008,0.0,WD(WARRANTY DEED),0.33,False,AR
16-05676-000,2/18/2005,1000.0,WD(WARRANTY DEED),0.33,False,AR
16-05676-000,3/16/1990,5000.0,WD(WARRANTY DEED),0.33,False,AR
16-05677-000,8/21/2023,4000.0,COMMD(COMMISSIONERS DEED),0.31,False,AR
16-05677-000,7/2/2019,1000.0,QCD(QUITCLAIM DEED),0.31,False,AR
16-05677-000,5/9/2019,0.0,LWD(LIMITED WARRANTY DEED),0.31,False,AR
16-05677-000,10/26/2011,0.0,QCD(QUITCLAIM DEED),0.31,False,AR
16-05677-000,7/31/2007,4000.0,COMMD(COMMISSIONERS DEED),0.31,False,AR
16-05677-000,7/3/2006,0.0,RD(REDEMPTION DEED),0.31,False,AR
16-05677-000,2/9/1989,4000.0,WD(WARRANTY DEED),0.31,False,AR
16-05677-000,1/19/1988,0.0,CONT(CONTRACT),0.31,False,AR
16-05677-000,8/21/1985,0.0,CONT(CONTRACT),0.31,False,AR
16-05677-000,3/26/1985,0.0,CONT(CONTRACT),0.31,False,AR
16-05678-000,6/27/2003,0.0,RD(REDEMPTION DEED),0.26,False,WI
16-05678-000,4/24/1990,4000.0,WD(WARRANTY DEED),0.26,False,WI
16-05679-000,7/10/2024,0.0,CORRQC(CORRECTED QUIT CLAIM DEED),0.25,False,AR
16-05679-000,7/2/2024,4000.0,QCD(QUITCLAIM DEED),0.25,False,AR
16-05679-000,4/17/2019,400.0,SWD(SPECIAL WARRANTY DEED),0.25,False,AR
16-05679-000,12/21/2016,0.0,COMMD(COMMISSIONERS DEED),0.25,False,AR
16-05679-000,4/8/2010,0.0,CWD(CORPORATION WARRANTY DEED),0.25,False,AR
16-05679-000,3/18/2009,0.0,QCD(QUITCLAIM DEED),0.25,False,AR
16-05679-000,11/24/2008,0.0,WD(WARRANTY DEED),0.25,False,AR
16-05679-000,4/18/2005,1000.0,WD(WARRANTY DEED),0.25,False,AR
16-05679-000,1/5/2001,1000.0,WD(WARRANTY DEED),0.25,False,AR
16-05679-000,10/5/1995,1000.0,WD(WARRANTY DEED),0.25,False,AR
16-05679-000,10/5/1995,1000.0,CWD(CORPORATION WARRANTY DEED),0.25,False,AR
16-05679-000,9/25/1992,0.0,CONT(CONTRACT),0.25,False,AR
16-05679-000,8/26/1990,0.0,CONT(CONTRACT),0.25,False,AR
16-05679-000,4/24/1990,5000.0,WD(WARRANTY DEED),0.25,False,AR
16-05680-000,3/31/2025,20000.0,AFF(AFFIDAVIT),0.35,False,AR
16-05680-000,3/12/2025,20000.0,WD(WARRANTY DEED),0.35,False,AR
16-05680-000,10/22/2004,0.0,WD(WARRANTY DEED),0.35,False,AR
16-05680-000,6/1/1999,0.0,WD(WARRANTY DEED),0.35,False,AR
16-05680-000,4/18/1997,1000.0,CWD(CORPORATION WARRANTY DEED),0.35,False,AR
16-05680-000,4/18/1997,1000.0,WD(WARRANTY DEED),0.35,False,AR
16-05680-000,10/6/1987,7000.0,WD(WARRANTY DEED),0.35,False,AR
16-05681-000,2/26/2025,349000.0,WD(WARRANTY DEED),0.31,False,AR
16-05681-000,5/10/2024,245000.0,WD(WARRANTY DEED),0.31,False,AR
16-05681-000,1/11/2023,0.0,QCD(QUITCLAIM DEED),0.31,False,AR
16-05681-000,2/24/2022,5000.0,WD(WARRANTY DEED),0.31,False,AR
16-05681-000,5/8/2014,0.0,WD(WARRANTY DEED),0.31,False,AR
16-05681-000,3/4/2013,1000.0,SWD(SPECIAL WARRANTY DEED),0.31,False,AR
16-05681-000,10/14/2012,0.0,QCD(QUITCLAIM DEED),0.31,False,AR
16-05681-000,11/1/2005,40000.0,WD(WARRANTY DEED),0.31,False,AR
16-05681-000,6/22/2005,4000.0,WD(WARRANTY DEED),0.31,False,AR
16-05681-000,11/12/1998,0.0,DC(DEATH CERTIFICATE),0.31,False,AR
16-05681-000,1/14/1983,8000.0,WD(WARRANTY DEED),0.31,False,AR
16-05682-000,9/24/2019,2000.0,SWD(SPECIAL WARRANTY DEED),0.3,False,AR
16-05682-000,10/6/2015,0.0,COMMD(COMMISSIONERS DEED),0.3,False,AR
16-05682-000,11/20/2013,0.0,RD(REDEMPTION DEED),0.3,False,AR
16-05682-000,4/22/2013,0.0,QCD(QUITCLAIM DEED),0.3,False,AR
16-05682-000,10/17/2005,8000.0,WD(WARRANTY DEED),0.3,False,AR
16-05682-000,4/17/2002,0.0,QCD(QUITCLAIM DEED),0.3,False,AR
16-05682-000,2/10/1995,0.0,RD(REDEMPTION DEED),0.3,False,AR
16-05682-000,9/3/1993,1000.0,WD(WARRANTY DEED),0.3,False,AR
16-05682-000,9/3/1993,1000.0,WD(WARRANTY DEED),0.3,False,AR
16-05682-000,1/10/1988,8000.0,WD(WARRANTY DEED),0.3,False,AR
16-05682-000,9/9/1987,0.0,WD(WARRANTY DEED),0.3,False,AR
16-05682-000,3/11/1983,9000.0,WD(WARRANTY DEED),0.3,False,AR
16-05683-000,5/23/2023,465000.0,WD(WARRANTY DEED),0.27,False,AR
16-05683-000,6/3/2021,9000.0,WD(WARRANTY DEED),0.27,False,AR
16-05683-000,2/13/2007,20000.0,WD(WARRANTY DEED),0.27,False,AR
16-05683-000,2/18/2005,1000.0,WD(WARRANTY DEED),0.27,False,AR
16-05683-000,2/19/1991,5000.0,WD(WARRANTY DEED),0.27,False,AR
16-05683-000,5/7/1979,0.0,HIST(HISTORICAL),0.27,False,AR
16-05684-000,5/23/2023,465000.0,WD(WARRANTY DEED),0.29,True,AR
16-05684-000,6/3/2021,9000.0,WD(WARRANTY DEED),0.29,True,AR
16-05684-000,2/13/2007,20000.0,WD(WARRANTY DEED),0.29,True,AR
16-05684-000,5/2/2006,9000.0,WD(WARRANTY DEED),0.29,True,AR
16-05684-000,12/2/2002,1000.0,WD(WARRANTY DEED),0.29,True,AR
16-05684-000,9/10/2002,0.0,WD(WARRANTY DEED),0.29,True,AR
16-05684-000,8/22/1988,6000.0,WD(WARRANTY DEED),0.29,True,AR
16-05684-000,10/7/1987,0.0,WD(WARRANTY DEED),0.29,True,AR
16-05684-000,7/19/1979,6000.0,WD(WARRANTY DEED),0.29,True,AR
16-05685-000,12/20/2022,350000.0,WD(WARRANTY DEED),0.3,True,AR
16-05685-000,6/3/2021,7000.0,WD(WARRANTY DEED),0.3,True,AR
16-05685-000,2/12/2007,20000.0,WD(WARRANTY DEED),0.3,True,AR
16-05685-000,7/25/2005,2000.0,WD(WARRANTY DEED),0.3,True,AR
16-05685-000,12/25/1997,0.0,DC(DEATH CERTIFICATE),0.3,True,AR
16-05685-000,1/14/1985,8000.0,WD(WARRANTY DEED),0.3,True,AR
16-05686-000,5/30/2025,10800.0,WD(WARRANTY DEED),0.3,False,AR
16-05686-000,11/17/1999,0.0,WD(WARRANTY DEED),0.3,False,AR
16-05686-000,11/8/1999,0.0,QCD(QUITCLAIM DEED),0.3,False,AR
16-05686-000,10/11/1993,6000.0,WD(WARRANTY DEED),0.3,False,AR
16-05686-000,5/26/1990,0.0,CONT(CONTRACT),0.3,False,AR
16-05686-000,7/18/1989,0.0,DC(DEATH CERTIFICATE),0.3,False,AR
16-05686-000,9/10/1980,7000.0,WD(WARRANTY DEED),0.3,False,AR
16-05687-000,3/4/2009,0.0,WD(WARRANTY DEED),0.31,True,OK
16-05687-000,9/2/2008,100000.0,WD(WARRANTY DEED),0.31,True,OK
16-05687-000,9/27/2004,114000.0,WD(WARRANTY DEED),0.31,True,OK
16-05687-000,2/2/2004,0.0,WD(WARRANTY DEED),0.31,True,OK
16-05687-000,2/5/2003,0.0,WD(WARRANTY DEED),0.31,True,OK
16-05687-000,11/8/2002,1000.0,WD(WARRANTY DEED),0.31,True,OK
16-05687-000,9/18/2002,0.0,CERT(CERTIFICATE),0.31,True,OK
16-05687-000,8/6/2002,0.0,TRD(TRUSTEES DEED),0.31,True,OK
16-05687-000,6/7/2002,0.0,QCD(QUITCLAIM DEED),0.31,True,OK
16-05687-000,7/12/1994,0.0,QCD(QUITCLAIM DEED),0.31,True,OK
16-05687-000,7/12/1994,0.0,QCD(QUITCLAIM DEED),0.31,True,OK
16-05687-000,10/25/1993,0.0,CONT(CONTRACT),0.31,True,OK
16-05687-000,4/27/1988,0.0,CONT(CONTRACT),0.31,True,OK
16-05687-000,1/6/1982,6000.0,WD(WARRANTY DEED),0.31,True,OK
16-05688-000,9/7/2012,0.0,RD(REDEMPTION DEED),0.33,False,GA
16-05688-000,4/25/2003,0.0,QCD(QUITCLAIM DEED),0.33,False,GA
16-05688-000,3/14/2002,0.0,WD(WARRANTY DEED),0.33,False,GA
16-05688-000,10/15/1997,0.0,DC(DEATH CERTIFICATE),0.33,False,GA
16-05688-000,4/11/1991,6000.0,WD(WARRANTY DEED),0.33,False,GA
16-05689-000,6/3/2013,0.0,OR(ORDER),0.38,False,DE
16-05689-000,9/18/2012,0.0,OTHER(OTHER DOCUMENT),0.38,False,DE
16-05689-000,6/12/1987,5500.0,WD(WARRANTY DEED),0.38,False,DE
16-05690-000,1/9/2025,8000.0,WD(WARRANTY DEED),0.3,False,FL
16-05690-000,4/10/1990,5000.0,WD(WARRANTY DEED),0.3,False,FL
16-05691-000,12/22/2021,3000.0,WD(WARRANTY DEED),0.35,False,AR
16-05691-000,6/28/2001,0.0,QCD(QUITCLAIM DEED),0.35,False,AR
16-05691-000,2/22/1990,4000.0,WD(WARRANTY DEED),0.35,False,AR
16-05692-000,4/23/2020,2000.0,SWD(SPECIAL WARRANTY DEED),0.45,False,AR
16-05692-000,4/1/2020,0.0,COMMD(COMMISSIONERS DEED),0.45,False,AR
16-05692-000,1/23/2020,0.0,RD(REDEMPTION DEED),0.45,False,AR
16-05692-000,12/21/2004,0.0,CORRWD(CORRECTED WARRANTY DEED),0.45,False,AR
16-05692-000,12/21/2004,0.0,WD(WARRANTY DEED),0.45,False,AR
16-05692-000,7/19/2004,0.0,WD(WARRANTY DEED),0.45,False,AR
16-05692-000,6/15/2004,3000.0,WD(WARRANTY DEED),0.45,False,AR
16-05692-000,2/19/1999,0.0,WD(WARRANTY DEED),0.45,False,AR
16-05692-000,2/19/1999,0.0,TRAG(TRUST AGREEMENT),0.45,False,AR
16-05692-000,4/12/1996,0.0,RD(REDEMPTION DEED),0.45,False,AR
16-05692-000,9/27/1995,1000.0,CWD(CORPORATION WARRANTY DEED),0.45,False,AR
16-05692-000,7/21/1995,1000.0,COMMD(COMMISSIONERS DEED),0.45,False,AR
16-05692-000,4/21/1987,5750.0,WD(WARRANTY DEED),0.45,False,AR
16-05693-000,4/27/2011,0.0,DC(DEATH CERTIFICATE),0.47,False,AR
16-05693-000,10/7/1997,0.0,WD(WARRANTY DEED),0.47,False,AR
16-05693-000,10/7/1997,4000.0,WD(WARRANTY DEED),0.47,False,AR
16-05693-000,10/7/1994,1000.0,WD(WARRANTY DEED),0.47,False,AR
16-05693-000,10/7/1994,1000.0,WD(WARRANTY DEED),0.47,False,AR
16-05693-000,12/14/1989,6000.0,WD(WARRANTY DEED),0.47,False,AR
16-05694-000,8/15/1989,6000.0,WD(WARRANTY DEED),0.28,False,WI
16-05695-000,8/30/2024,8000.0,WD(WARRANTY DEED),0.27,False,AR
16-05695-000,1/11/1990,5000.0,WD(WARRANTY DEED),0.27,False,AR
16-05696-000,11/15/1999,0.0,QCD(QUITCLAIM DEED),0.25,False,MO
16-05696-000,8/29/1989,6000.0,WD(WARRANTY DEED),0.25,False,MO
16-05697-000,5/23/2025,0.0,BD(BENEFICIARY DEED),0.27,False,AR
16-05697-000,11/26/2015,0.0,DC(DEATH CERTIFICATE),0.27,False,AR
16-05697-000,12/16/2005,11000.0,CWD(CORPORATION WARRANTY DEED),0.27,False,AR
16-05697-000,2/11/2005,1000.0,WD(WARRANTY DEED),0.27,False,AR
16-05697-000,7/28/2004,0.0,WD(WARRANTY DEED),0.27,False,AR
16-05697-000,12/29/1995,0.0,WD(WARRANTY DEED),0.27,False,AR
16-05697-000,10/6/1992,0.0,WD(WARRANTY DEED),0.27,False,AR
16-05697-000,12/30/1988,0.0,WD(WARRANTY DEED),0.27,False,AR
16-05697-000,6/18/1985,2500.0,COMMD(COMMISSIONERS DEED),0.27,False,AR
16-05697-000,11/23/1981,9000.0,WD(WARRANTY DEED),0.27,False,AR
16-05698-000,5/18/2021,4000.0,TRWD(TRUSTEES WARRANTY DEED),0.32,False,AR
16-05698-000,9/11/2020,0.0,WD(WARRANTY DEED),0.32,False,AR
16-05698-000,10/30/2019,0.0,CERT(CERTIFICATE),0.32,False,AR
16-05698-000,4/1/2013,0.0,OTHER(OTHER DOCUMENT),0.32,False,AR
16-05698-000,10/29/1987,5500.0,WD(WARRANTY DEED),0.32,False,AR
16-05699-000,2/24/2025,0.0,QCD(QUITCLAIM DEED),0.27,True,MO
16-05699-000,6/3/2005,0.0,WD(WARRANTY DEED),0.27,True,MO
16-05699-000,3/22/2004,1000.0,QCD(QUITCLAIM DEED),0.27,True,MO
16-05699-000,2/13/2004,1000.0,WD(WARRANTY DEED),0.27,True,MO
16-05699-000,12/1/2003,0.0,ML(MARRIAGE LICENSE),0.27,True,MO
16-05699-000,11/4/2003,1000.0,COMMD(COMMISSIONERS DEED),0.27,True,MO
16-05699-000,10/31/2003,0.0,RD(REDEMPTION DEED),0.27,True,MO
16-05699-000,9/19/2000,0.0,COMMD(COMMISSIONERS DEED),0.27,True,MO
16-05699-000,9/19/2000,0.0,COMMD(COMMISSIONERS DEED),0.27,True,MO
16-05699-000,4/10/1995,0.0,RD(REDEMPTION DEED),0.27,True,MO
16-05699-000,3/1/1989,8000.0,WD(WARRANTY DEED),0.27,True,MO
16-05700-000,6/3/2021,8000.0,WD(WARRANTY DEED),0.29,False,AR
16-05700-000,2/13/2007,22000.0,WD(WARRANTY DEED),0.29,False,AR
16-05700-000,12/14/2005,7000.0,WD(WARRANTY DEED),0.29,False,AR
16-05700-000,2/2/2003,0.0,DC(DEATH CERTIFICATE),0.29,False,AR
16-05700-000,6/5/1991,5000.0,WD(WARRANTY DEED),0.29,False,AR
16-05700-000,5/7/1979,0.0,HIST(HISTORICAL),0.29,False,AR
16-05701-000,5/27/2021,269000.0,WD(WARRANTY DEED),0.28,False,AR
16-05701-000,6/5/2015,160000.0,WD(WARRANTY DEED),0.28,False,AR
16-05701-000,9/18/2009,146000.0,WD(WARRANTY DEED),0.28,False,AR
16-05701-000,7/20/2005,7000.0,QCD(QUITCLAIM DEED),0.28,False,AR
16-05701-000,1/18/1991,2000.0,WD(WARRANTY DEED),0.28,False,AR
16-05701-000,8/1/1990,2000.0,WD(WARRANTY DEED),0.28,False,AR
16-05701-000,5/3/1985,5000.0,WD(WARRANTY DEED),0.28,False,AR
16-05702-000,5/27/2021,269000.0,WD(WARRANTY DEED),0.4,True,AR
16-05702-000,6/5/2015,160000.0,WD(WARRANTY DEED),0.4,True,AR
16-05702-000,9/18/2009,146000.0,WD(WARRANTY DEED),0.4,True,AR
16-05702-000,7/7/2004,155000.0,WD(WARRANTY DEED),0.4,True,AR
16-05702-000,12/12/2003,0.0,QCD(QUITCLAIM DEED),0.4,True,AR
16-05702-000,8/29/2003,2000.0,WD(WARRANTY DEED),0.4,True,AR
16-05702-000,10/19/2001,0.0,DC(DEATH CERTIFICATE),0.4,True,AR
16-05702-000,9/17/1998,0.0,RD(REDEMPTION DEED),0.4,True,AR
16-05702-000,9/21/1977,6000.0,WD(WARRANTY DEED),0.4,True,AR
16-05703-000,4/8/1997,1000.0,WD(WARRANTY DEED),0.27,False,AR
16-05703-000,8/1/1996,0.0,MEMO(MEMORANDUM),0.27,False,AR
16-05703-000,8/1/1996,0.0,WD(WARRANTY DEED),0.27,False,AR
16-05703-000,7/6/1988,6500.0,WD(WARRANTY DEED),0.27,False,AR
16-05703-000,1/28/1987,0.0,WD(WARRANTY DEED),0.27,False,AR
16-05703-000,11/17/1981,9000.0,WD(WARRANTY DEED),0.27,False,AR
16-05704-000,2/20/1990,50000.0,WD(WARRANTY DEED),0.29,True,AR
16-05704-000,11/13/1980,55000.0,WD(WARRANTY DEED),0.29,True,AR
16-05705-000,2/14/2006,6000.0,WD(WARRANTY DEED),0.26,False,AR
16-05705-000,4/10/1990,6000.0,WD(WARRANTY DEED),0.26,False,AR
16-05706-000,3/6/2020,1250.0,SWD(SPECIAL WARRANTY DEED),0.28,False,MO
16-05706-000,2/13/2020,0.0,AFF(AFFIDAVIT),0.28,False,MO
16-05706-000,10/13/2006,0.0,QCD(QUITCLAIM DEED),0.28,False,MO
16-05706-000,5/4/2006,5000.0,WD(WARRANTY DEED),0.28,False,MO
16-05706-000,10/12/1992,0.0,RD(REDEMPTION DEED),0.28,False,MO
16-05706-000,9/29/1989,5000.0,WD(WARRANTY DEED),0.28,False,MO
16-05707-000,9/17/2024,0.0,BD(BENEFICIARY DEED),0.23,False,AR
16-05707-000,8/15/1997,1000.0,WD(WARRANTY DEED),0.23,False,AR
16-05707-000,10/11/1991,6000.0,WD(WARRANTY DEED),0.23,False,AR
16-05707-000,8/21/1990,2000.0,WD(WARRANTY DEED),0.23,False,AR
16-05707-000,4/13/1990,5000.0,WD(WARRANTY DEED),0.23,False,AR
16-05708-000,11/8/2018,5000.0,WD(WARRANTY DEED),0.26,False,AR
16-05708-000,10/23/1996,0.0,CORRWD(CORRECTED WARRANTY DEED),0.26,False,AR
16-05708-000,10/9/1996,1000.0,WD(WARRANTY DEED),0.26,False,AR
16-05708-000,1/21/1994,1000.0,WD(WARRANTY DEED),0.26,False,AR
16-05708-000,4/27/1990,8200.0,WD(WARRANTY DEED),0.26,False,AR
16-05708-000,4/26/1990,7000.0,WD(WARRANTY DEED),0.26,False,AR
16-05708-000,2/7/1989,7000.0,WD(WARRANTY DEED),0.26,False,AR
16-05708-000,11/25/1986,1800.0,COMMD(COMMISSIONERS DEED),0.26,False,AR
16-05708-000,7/3/1985,6000.0,WD(WARRANTY DEED),0.26,False,AR
16-05709-000,4/17/2025,34000.0,WD(WARRANTY DEED),0.25,False,AR
16-05709-000,10/19/2023,11000.0,WD(WARRANTY DEED),0.25,False,AR
16-05709-000,11/6/2021,8000.0,WD(WARRANTY DEED),0.25,False,AR
16-05709-000,1/25/2021,0.0,LWD(LIMITED WARRANTY DEED),0.25,False,AR
16-05709-000,1/17/1989,4000.0,WD(WARRANTY DEED),0.25,False,AR
16-05710-000,4/17/2025,34000.0,WD(WARRANTY DEED),0.26,False,AR
16-05710-000,10/19/2023,12000.0,WD(WARRANTY DEED),0.26,False,AR
16-05710-000,9/7/2021,9000.0,WD(WARRANTY DEED),0.26,False,AR
16-05710-000,2/2/1983,8000.0,WD(WARRANTY DEED),0.26,False,AR
16-05711-000,9/17/2024,415000.0,WD(WARRANTY DEED),0.35,True,AR
16-05711-000,10/7/2021,310000.0,WD(WARRANTY DEED),0.35,True,AR
16-05711-000,1/29/2021,275000.0,WD(WARRANTY DEED),0.35,True,AR
16-05711-000,9/10/2019,236000.0,WD(WARRANTY DEED),0.35,True,AR
16-05711-000,10/29/2018,7100.0,WD(WARRANTY DEED),0.35,True,AR
16-05711-000,12/13/2016,0.0,AFF(AFFIDAVIT),0.35,True,AR
16-05711-000,3/9/2016,0.0,BD(BENEFICIARY DEED),0.35,True,AR
16-05711-000,5/10/1994,1000.0,WD(WARRANTY DEED),0.35,True,AR
16-05711-000,1/30/1992,0.0,CONT(CONTRACT),0.35,True,AR
16-05711-000,7/23/1987,0.0,CONT(CONTRACT),0.35,True,AR
16-05711-000,2/6/1987,0.0,CONT(CONTRACT),0.35,True,AR
16-05711-000,6/21/1986,0.0,CONT(CONTRACT),0.35,True,AR
16-05711-000,4/14/1986,0.0,CONT(CONTRACT),0.35,True,AR
16-05711-000,7/29/1977,5000.0,WD(WARRANTY DEED),0.35,True,AR
16-05712-000,9/26/2017,0.0,RD(REDEMPTION DEED),0.33,False,AR
16-05712-000,6/18/2010,0.0,RD(REDEMPTION DEED),0.33,False,AR
16-05712-000,8/23/2002,0.0,QCD(QUITCLAIM DEED),0.33,False,AR
16-05712-000,8/23/2002,0.0,QCD(QUITCLAIM DEED),0.33,False,AR
16-05712-000,9/5/2001,0.0,QCD(QUITCLAIM DEED),0.33,False,AR
16-05712-000,3/4/1997,1000.0,WD(WARRANTY DEED),0.33,False,AR
16-05712-000,8/28/1991,0.0,WD(WARRANTY DEED),0.33,False,AR
16-05712-000,1/19/1984,0.0,WD(WARRANTY DEED),0.33,False,AR
16-05713-000,12/20/2023,4500.0,WD(WARRANTY DEED),0.36,False,AR
16-05713-000,4/20/2007,20000.0,WD(WARRANTY DEED),0.36,False,AR
16-05713-000,2/18/2005,2000.0,WD(WARRANTY DEED),0.36,False,AR
16-05713-000,11/24/2000,0.0,DC(DEATH CERTIFICATE),0.36,False,AR
16-05713-000,4/12/1995,0.0,WD(WARRANTY DEED),0.36,False,AR
16-05713-000,1/17/1989,5000.0,WD(WARRANTY DEED),0.36,False,AR
16-05714-000,7/22/2024,0.0,QCD(QUITCLAIM DEED),0.36,False,TX
16-05714-000,12/18/1997,0.0,RD(REDEMPTION DEED),0.36,False,TX
16-05714-000,1/24/1990,5000.0,WD(WARRANTY DEED),0.36,False,TX
16-05715-000,6/1/2015,189000.0,WD(WARRANTY DEED),0.35,True,AR
16-05715-000,6/8/2007,194000.0,WD(WARRANTY DEED),0.35,True,AR
16-05715-000,5/31/2005,0.0,WD(WARRANTY DEED),0.35,True,AR
16-05715-000,5/31/2005,179000.0,WD(WARRANTY DEED),0.35,True,AR
16-05715-000,8/13/2004,1000.0,CORRWD(CORRECTED WARRANTY DEED),0.35,True,AR
16-05715-000,6/1/2004,0.0,WD(WARRANTY DEED),0.35,True,AR
16-05715-000,6/1/2004,0.0,WD(WARRANTY DEED),0.35,True,AR
16-05715-000,4/13/2004,5000.0,QCD(QUITCLAIM DEED),0.35,True,AR
16-05715-000,4/14/2003,0.0,WD(WARRANTY DEED),0.35,True,AR
16-05715-000,8/14/1997,1000.0,WD(WARRANTY DEED),0.35,True,AR
16-05715-000,8/14/1997,1000.0,WD(WARRANTY DEED),0.35,True,AR
16-05715-000,1/13/1989,5000.0,WD(WARRANTY DEED),0.35,True,AR
16-05715-000,11/12/1986,0.0,QCD(QUITCLAIM DEED),0.35,True,AR
16-05716-000,7/18/2017,5000.0,WD(WARRANTY DEED),0.34,False,AR
16-05716-000,1/2/2007,0.0,QCD(QUITCLAIM DEED),0.34,False,AR
16-05716-000,3/13/2000,1000.0,WD(WARRANTY DEED),0.34,False,AR
16-05716-000,9/21/1999,0.0,QCD(QUITCLAIM DEED),0.34,False,AR
16-05716-000,9/21/1999,0.0,DC(DEATH CERTIFICATE),0.34,False,AR
16-05716-000,5/29/1992,0.0,WD(WARRANTY DEED),0.34,False,AR
16-05716-000,7/20/1983,8000.0,WD(WARRANTY DEED),0.34,False,AR
16-05717-000,6/16/2014,167000.0,WD(WARRANTY DEED),0.31,True,AR
16-05717-000,6/9/2006,194000.0,WD(WARRANTY DEED),0.31,True,AR
16-05717-000,10/17/2003,164000.0,WD(WARRANTY DEED),0.31,True,AR
16-05717-000,10/17/2003,0.0,QCD(QUITCLAIM DEED),0.31,True,AR
16-05717-000,8/6/2003,0.0,QCD(QUITCLAIM DEED),0.31,True,AR
16-05717-000,12/3/2002,0.0,WD(WARRANTY DEED),0.31,True,AR
16-05717-000,10/29/2002,2000.0,WD(WARRANTY DEED),0.31,True,AR
16-05717-000,10/8/2002,0.0,WD(WARRANTY DEED),0.31,True,AR
16-05718-000,7/29/2022,5000.0,WD(WARRANTY DEED),0.31,False,AR
16-05718-000,3/12/2002,0.0,DC(DEATH CERTIFICATE),0.31,False,AR
16-05718-000,3/28/1994,1000.0,WD(WARRANTY DEED),0.31,False,AR
16-05718-000,10/23/1992,0.0,RD(REDEMPTION DEED),0.31,False,AR
16-05718-000,4/27/1992,950.0,WD(WARRANTY DEED),0.31,False,AR
16-05718-000,4/27/1992,500.0,WD(WARRANTY DEED),0.31,False,AR
16-05718-000,5/17/1990,0.0,CONT(CONTRACT),0.31,False,AR
16-05718-000,10/16/1989,0.0,CONT(CONTRACT),0.31,False,AR
16-05718-000,3/24/1989,5700.0,WD(WARRANTY DEED),0.31,False,AR
16-05718-000,5/9/1988,0.0,WD(WARRANTY DEED),0.31,False,AR
16-05719-000,6/20/2023,3000.0,WD(WARRANTY DEED),0.37,False,AR
16-05719-000,8/9/2019,0.0,DC(DEATH CERTIFICATE),0.37,False,AR
16-05719-000,4/11/2006,0.0,RD(REDEMPTION DEED),0.37,False,AR
16-05719-000,12/15/1983,8000.0,WD(WARRANTY DEED),0.37,False,AR
16-05720-000,2/23/2022,277000.0,WD(WARRANTY DEED),0.42,True,AR
16-05720-000,3/8/2021,4000.0,WD(WARRANTY DEED),0.42,True,AR
16-05720-000,12/8/2006,20000.0,WD(WARRANTY DEED),0.42,True,AR
16-05720-000,4/25/2005,2000.0,WD(WARRANTY DEED),0.42,True,AR
16-05720-000,2/8/1990,6000.0,WD(WARRANTY DEED),0.42,True,AR
16-05721-000,4/4/2022,4000.0,WD(WARRANTY DEED),0.41,False,AR
16-05721-000,6/5/1997,0.0,QCD(QUITCLAIM DEED),0.41,False,AR
16-05721-000,11/18/1988,0.0,DC(DEATH CERTIFICATE),0.41,False,AR
16-05721-000,5/11/1988,0.0,WD(WARRANTY DEED),0.41,False,AR
16-05721-000,9/29/1977,6000.0,WD(WARRANTY DEED),0.41,False,AR
16-05722-000,4/17/2024,7000.0,TRWD(TRUSTEES WARRANTY DEED),0.35,False,AR
16-05722-000,10/10/2017,0.0,RD(REDEMPTION DEED),0.35,False,AR
16-05722-000,8/15/2014,0.0,RD(REDEMPTION DEED),0.35,False,AR
16-05722-000,11/20/2012,65000.0,WD(WARRANTY DEED),0.35,False,AR
16-05722-000,11/14/2012,1000.0,WD(WARRANTY DEED),0.35,False,AR
16-05722-000,3/18/2009,0.0,QCD(QUITCLAIM DEED),0.35,False,AR
16-05722-000,11/24/2008,0.0,WD(WARRANTY DEED),0.35,False,AR
16-05722-000,9/26/2005,4000.0,TRD(TRUSTEES DEED),0.35,False,AR
16-05722-000,1/19/2001,0.0,DC(DEATH CERTIFICATE),0.35,False,AR
16-05722-000,6/30/2000,0.0,WD(WARRANTY DEED),0.35,False,AR
16-05722-000,4/20/1989,1000.0,WD(WARRANTY DEED),0.35,False,AR
16-05722-000,6/3/1987,4300.0,WD(WARRANTY DEED),0.35,False,AR
16-05722-000,5/7/1979,0.0,HIST(HISTORICAL),0.35,False,AR
16-05723-000,7/16/2024,8000.0,WD(WARRANTY DEED),0.36,False,AR
16-05723-000,10/8/1999,0.0,RD(REDEMPTION DEED),0.36,False,AR
16-05723-000,5/2/1997,1000.0,WD(WARRANTY DEED),0.36,False,AR
16-05723-000,5/2/1997,1000.0,CWD(CORPORATION WARRANTY DEED),0.36,False,AR
16-05723-000,11/10/1994,0.0,CORRWD(CORRECTED WARRANTY DEED),0.36,False,AR
16-05723-000,11/10/1994,0.0,CORRWD(CORRECTED WARRANTY DEED),0.36,False,AR
16-05723-000,11/12/1993,1000.0,WD(WARRANTY DEED),0.36,False,AR
16-05723-000,11/12/1993,1000.0,WD(WARRANTY DEED),0.36,False,AR
16-05723-000,6/20/1979,5000.0,WD(WARRANTY DEED),0.36,False,AR
16-05724-000,10/12/2023,275000.0,WD(WARRANTY DEED),0.36,True,AR
16-05724-000,9/12/2018,150000.0,WD(WARRANTY DEED),0.36,True,AR
16-05724-000,3/21/2016,125000.0,WD(WARRANTY DEED),0.36,True,AR
16-05724-000,1/13/2011,105000.0,WD(WARRANTY DEED),0.36,True,AR
16-05724-000,6/4/2007,130000.0,WD(WARRANTY DEED),0.36,True,AR
16-05724-000,2/1/2005,119000.0,WD(WARRANTY DEED),0.36,True,AR
16-05724-000,5/5/2004,6000.0,WD(WARRANTY DEED),0.36,True,AR
16-05724-000,9/29/1989,7000.0,WD(WARRANTY DEED),0.36,True,AR
16-05725-000,12/4/2024,0.0,CORRQC(CORRECTED QUIT CLAIM DEED),0.31,False,AR
16-05725-000,11/13/2024,0.0,QCD(QUITCLAIM DEED),0.31,False,AR
16-05725-000,11/17/2023,11440.0,WD(WARRANTY DEED),0.31,False,AR
16-05725-000,6/28/2022,4000.0,WD(WARRANTY DEED),0.31,False,AR
16-05725-000,4/13/2022,0.0,QCD(QUITCLAIM DEED),0.31,False,AR
16-05725-000,3/15/2021,0.0,LWD(LIMITED WARRANTY DEED),0.31,False,AR
16-05725-000,8/28/2009,1451000.0,QCD(QUITCLAIM DEED),0.31,False,AR
16-05725-000,8/21/2009,402000.0,DEED(GRANT DEED),0.31,False,AR
16-05725-000,9/15/2008,0.0,DEED(GRANT DEED),0.31,False,AR
16-05725-000,7/20/2005,6000.0,WD(WARRANTY DEED),0.31,False,AR
16-05725-000,1/12/2005,1000.0,WD(WARRANTY DEED),0.31,False,AR
16-05725-000,7/11/1990,0.0,HIST(HISTORICAL),0.31,False,AR
16-05725-000,6/12/1990,0.0,ML(MARRIAGE LICENSE),0.31,False,AR
16-05725-000,12/19/1989,5000.0,WD(WARRANTY DEED),0.31,False,AR
16-05726-000,5/3/2021,7000.0,WD(WARRANTY DEED),0.31,True,AR
16-05726-000,11/28/2011,4500.0,WD(WARRANTY DEED),0.31,True,AR
16-05726-000,8/28/2009,1451000.0,QCD(QUITCLAIM DEED),0.31,True,AR
16-05726-000,8/21/2009,402000.0,DEED(GRANT DEED),0.31,True,AR
16-05726-000,9/15/2008,0.0,DEED(GRANT DEED),0.31,True,AR
16-05726-000,8/12/2005,4000.0,WD(WARRANTY DEED),0.31,True,AR
16-05726-000,9/24/1990,5000.0,WD(WARRANTY DEED),0.31,True,AR
16-05726-000,5/7/1979,0.0,HIST(HISTORICAL),0.31,True,AR
16-05727-000,3/28/2022,0.0,QCD(QUITCLAIM DEED),0.51,True,AR
16-05727-000,7/15/2016,215000.0,WD(WARRANTY DEED),0.51,True,AR
16-05727-000,9/30/2013,0.0,QCD(QUITCLAIM DEED),0.51,True,AR
16-05727-000,5/1/2007,215000.0,WD(WARRANTY DEED),0.51,True,AR
16-05727-000,6/16/2006,209000.0,WD(WARRANTY DEED),0.51,True,AR
16-05727-000,2/28/2001,3000.0,WD(WARRANTY DEED),0.51,True,AR
16-05727-000,12/30/1988,8000.0,WD(WARRANTY DEED),0.51,True,AR
16-05727-000,3/15/1986,0.0,WD(WARRANTY DEED),0.51,True,AR
16-05727-000,1/31/1986,0.0,DC(DEATH CERTIFICATE),0.51,True,AR
16-05727-000,1/24/1983,8000.0,WD(WARRANTY DEED),0.51,True,AR
16-05729-000,8/17/2015,23000.0,WD(WARRANTY DEED),0.25,False,CA
16-05729-000,10/5/2011,0.0,QCD(QUITCLAIM DEED),0.25,False,CA
16-05729-000,10/5/2011,1693333.0,CORRQC(CORRECTED QUIT CLAIM DEED),0.25,False,CA
16-05729-000,11/24/2008,0.0,WD(WARRANTY DEED),0.25,False,CA
16-05729-000,10/10/2005,13000.0,WD(WARRANTY DEED),0.25,False,CA
16-05729-000,9/21/2004,1000.0,WD(WARRANTY DEED),0.25,False,CA
16-05729-000,3/10/2000,0.0,FD(FIDUCIARY DEED),0.25,False,CA
16-05729-000,1/31/2000,0.0,OR(ORDER),0.25,False,CA
16-05729-000,8/29/1997,1000.0,CWD(CORPORATION WARRANTY DEED),0.25,False,CA
16-05729-000,10/12/1993,0.0,QCD(QUITCLAIM DEED),0.25,False,CA
16-05729-000,3/4/1982,6000.0,WD(WARRANTY DEED),0.25,False,CA
16-05730-000,10/5/2005,185000.0,WD(WARRANTY DEED),0.35,True,AR
16-05730-000,5/11/2005,0.0,CORRWD(CORRECTED WARRANTY DEED),0.35,True,AR
16-05730-000,4/25/2005,0.0,WD(WARRANTY DEED),0.35,True,AR
16-05730-000,2/9/2005,3000.0,WD(WARRANTY DEED),0.35,True,AR
16-05730-000,12/6/1989,3000.0,QCD(QUITCLAIM DEED),0.35,True,AR
16-05730-000,2/16/1988,6000.0,WD(WARRANTY DEED),0.35,True,AR
16-05730-000,8/26/1985,0.0,WD(WARRANTY DEED),0.35,True,AR
16-05730-000,10/18/1978,6000.0,WD(WARRANTY DEED),0.35,True,AR
16-05731-000,8/30/2019,7000.0,CWD(CORPORATION WARRANTY DEED),0.32,False,AR
16-05731-000,12/30/2013,0.0,CWD(CORPORATION WARRANTY DEED),0.32,False,AR
16-05731-000,11/15/2012,0.0,DEED(GRANT DEED),0.32,False,AR
16-05731-000,11/15/2012,0.0,DEED(GRANT DEED),0.32,False,AR
16-05731-000,12/14/2007,0.0,AFF(AFFIDAVIT),0.32,False,AR
16-05731-000,7/7/2006,0.0,QCD(QUITCLAIM DEED),0.32,False,AR
16-05731-000,1/27/2006,11000.0,COMMD(COMMISSIONERS DEED),0.32,False,AR
16-05731-000,5/4/2004,4000.0,WD(WARRANTY DEED),0.32,False,AR
16-05731-000,10/23/2000,0.0,DC(DEATH CERTIFICATE),0.32,False,AR
16-05731-000,11/6/1980,6000.0,WD(WARRANTY DEED),0.32,False,AR
16-05732-000,4/13/2020,0.0,LWD(LIMITED WARRANTY DEED),0.26,False,AR
16-05732-000,10/17/2001,0.0,RD(REDEMPTION DEED),0.26,False,AR
16-05732-000,10/13/1993,1000.0,WD(WARRANTY DEED),0.26,False,AR
16-05732-000,7/15/1993,1000.0,WD(WARRANTY DEED),0.26,False,AR
16-05732-000,7/12/1993,1000.0,WD(WARRANTY DEED),0.26,False,AR
16-05732-000,2/22/1990,5000.0,WD(WARRANTY DEED),0.26,False,AR
16-05733-000,11/19/1984,7000.0,WD(WARRANTY DEED),0.3,False,OK
16-05733-000,4/11/1984,6000.0,WD(WARRANTY DEED),0.3,False,OK
16-05734-000,8/28/2023,4500.0,WD(WARRANTY DEED),0.4,False,AR
16-05734-000,4/4/2023,0.0,BD(BENEFICIARY DEED),0.4,False,AR
16-05734-000,8/9/2019,0.0,QCD(QUITCLAIM DEED),0.4,False,AR
16-05734-000,7/5/2019,0.0,QCD(QUITCLAIM DEED),0.4,False,AR
16-05734-000,9/22/1989,5000.0,WD(WARRANTY DEED),0.4,False,AR
16-05735-000,1/31/2024,10000.0,WD(WARRANTY DEED),0.45,False,AR
16-05735-000,2/22/2023,1700.0,WD(WARRANTY DEED),0.45,False,AR
16-05735-000,12/10/1981,5000.0,WD(WARRANTY DEED),0.45,False,AR
16-05736-000,1/20/2022,2067.0,WD(WARRANTY DEED),0.42,False,AR
16-05736-000,10/20/2020,750.0,WD(WARRANTY DEED),0.42,False,AR
16-05736-000,4/16/2019,1000.0,SWD(SPECIAL WARRANTY DEED),0.42,False,AR
16-05736-000,4/24/2017,0.0,QCD(QUITCLAIM DEED),0.42,False,AR
16-05736-000,5/24/2001,1000.0,CWD(CORPORATION WARRANTY DEED),0.42,False,AR
16-05736-000,2/7/2001,0.0,QCD(QUITCLAIM DEED),0.42,False,AR
16-05736-000,3/3/1999,0.0,QCD(QUITCLAIM DEED),0.42,False,AR
16-05736-000,2/1/1999,0.0,QCD(QUITCLAIM DEED),0.42,False,AR
16-05736-000,6/2/1983,6000.0,WD(WARRANTY DEED),0.42,False,AR
16-05737-000,9/2/1997,0.0,RD(REDEMPTION DEED),0.4,False,KS
16-05737-000,12/30/1988,8300.0,WD(WARRANTY DEED),0.4,False,KS
16-05738-000,6/25/2024,5500.0,WD(WARRANTY DEED),0.36,False,AR
16-05738-000,11/20/2012,65000.0,WD(WARRANTY DEED),0.36,False,AR
16-05738-000,11/14/2012,1000.0,WD(WARRANTY DEED),0.36,False,AR
16-05738-000,3/18/2009,0.0,QCD(QUITCLAIM DEED),0.36,False,AR
16-05738-000,11/24/2008,0.0,WD(WARRANTY DEED),0.36,False,AR
16-05738-000,10/21/2005,4000.0,WD(WARRANTY DEED),0.36,False,AR
16-05738-000,8/20/1990,5000.0,WD(WARRANTY DEED),0.36,False,AR
16-05738-000,5/7/1979,0.0,HIST(HISTORICAL),0.36,False,AR
16-05739-000,8/7/2000,0.0,WD(WARRANTY DEED),0.35,False,NE
16-05739-000,1/4/1984,8000.0,WD(WARRANTY DEED),0.35,False,NE
16-05740-000,11/8/2023,425000.0,WD(WARRANTY DEED),0.34,False,AR
16-05740-000,4/29/2019,276000.0,WD(WARRANTY DEED),0.34,False,AR
16-05740-000,6/22/2015,239000.0,WD(WARRANTY DEED),0.34,False,AR
16-05740-000,6/1/2009,200000.0,WD(WARRANTY DEED),0.34,False,AR
16-05740-000,11/1/2006,0.0,QCD(QUITCLAIM DEED),0.34,False,AR
16-05740-000,4/25/2005,0.0,WD(WARRANTY DEED),0.34,False,AR
16-05740-000,2/17/2005,3000.0,WD(WARRANTY DEED),0.34,False,AR
16-05740-000,1/12/1984,8000.0,WD(WARRANTY DEED),0.34,False,AR
16-05741-000,11/8/2023,425000.0,WD(WARRANTY DEED),0.46,True,AR
16-05741-000,4/29/2019,276000.0,WD(WARRANTY DEED),0.46,True,AR
16-05741-000,6/22/2015,239000.0,WD(WARRANTY DEED),0.46,True,AR
16-05741-000,6/1/2009,200000.0,WD(WARRANTY DEED),0.46,True,AR
16-05741-000,11/1/2006,0.0,QCD(QUITCLAIM DEED),0.46,True,AR
16-05741-000,4/25/2005,0.0,WD(WARRANTY DEED),0.46,True,AR
16-05741-000,3/18/2005,3000.0,WD(WARRANTY DEED),0.46,True,AR
16-05741-000,11/10/2003,0.0,RD(REDEMPTION DEED),0.46,True,AR
16-05741-000,8/6/1999,0.0,QCD(QUITCLAIM DEED),0.46,True,AR
16-05741-000,9/10/1990,5500.0,WD(WARRANTY DEED),0.46,True,AR
16-05741-000,5/7/1979,0.0,HIST(HISTORICAL),0.46,True,AR
16-05742-000,10/17/2024,0.0,QCD(QUITCLAIM DEED),0.4,False,PA
16-05742-000,2/16/2024,6000.0,WD(WARRANTY DEED),0.4,False,PA
16-05742-000,11/14/2005,8000.0,WD(WARRANTY DEED),0.4,False,PA
16-05742-000,1/13/2000,0.0,DC(DEATH CERTIFICATE),0.4,False,PA
16-05742-000,10/24/1983,9000.0,WD(WARRANTY DEED),0.4,False,PA
16-05743-000,12/16/2021,12000.0,CWD(CORPORATION WARRANTY DEED),0.31,False,AR
16-05743-000,5/31/2012,40000.0,WD(WARRANTY DEED),0.31,False,AR
16-05743-000,5/31/2012,32000.0,WD(WARRANTY DEED),0.31,False,AR
16-05743-000,1/27/2011,0.0,WD(WARRANTY DEED),0.31,False,AR
16-05743-000,6/15/2010,0.0,MTG-D(MORTGAGEE'S DEED),0.31,False,AR
16-05743-000,1/20/2006,12000.0,COMMD(COMMISSIONERS DEED),0.31,False,AR
16-05743-000,6/7/2004,4000.0,WD(WARRANTY DEED),0.31,False,AR
16-05743-000,4/10/1990,5000.0,WD(WARRANTY DEED),0.31,False,AR
16-05744-000,6/12/2018,10000.0,WD(WARRANTY DEED),0.33,True,AR
16-05744-000,4/22/1985,7000.0,WD(WARRANTY DEED),0.33,True,AR
16-05745-000,5/30/2018,293000.0,WD(WARRANTY DEED),0.33,True,AR
16-05745-000,7/1/2009,225000.0,WD(WARRANTY DEED),0.33,True,AR
16-05745-000,1/20/2006,0.0,WD(WARRANTY DEED),0.33,True,AR
16-05745-000,5/12/2005,10000.0,CORRWD(CORRECTED WARRANTY DEED),0.33,True,AR
16-05745-000,3/18/2005,3000.0,WD(WARRANTY DEED),0.33,True,AR
16-05745-000,6/17/1988,6100.0,WD(WARRANTY DEED),0.33,True,AR
16-05746-000,7/29/2022,299000.0,WD(WARRANTY DEED),0.35,True,MO
16-05746-000,5/25/2018,160000.0,WD(WARRANTY DEED),0.35,True,MO
16-05746-000,5/28/2013,117000.0,WD(WARRANTY DEED),0.35,True,MO
16-05746-000,2/12/2008,117000.0,WD(WARRANTY DEED),0.35,True,MO
16-05746-000,6/18/2007,0.0,WD(WARRANTY DEED),0.35,True,MO
16-05746-000,11/2/2005,8000.0,WD(WARRANTY DEED),0.35,True,MO
16-05746-000,6/4/2002,2000.0,WD(WARRANTY DEED),0.35,True,MO
16-05746-000,2/24/2001,1000.0,CWD(CORPORATION WARRANTY DEED),0.35,True,MO
16-05746-000,10/27/2000,0.0,RD(REDEMPTION DEED),0.35,True,MO
16-05746-000,9/29/2000,0.0,COMMD(COMMISSIONERS DEED),0.35,True,MO
16-05746-000,11/6/1996,0.0,QCD(QUITCLAIM DEED),0.35,True,MO
16-05746-000,8/1/1996,0.0,CONT(CONTRACT),0.35,True,MO
16-05746-000,9/12/1989,0.0,RD(REDEMPTION DEED),0.35,True,MO
16-05746-000,4/30/1986,0.0,CONT(CONTRACT),0.35,True,MO
16-05746-000,3/26/1986,0.0,CONT(CONTRACT),0.35,True,MO
16-05746-000,8/10/1985,0.0,CONT(CONTRACT),0.35,True,MO
16-05747-000,2/6/2025,0.0,ADHL(AR DEPT OF HEALTH LIST),0.31,True,AR
16-05747-000,4/5/2007,0.0,QCD(QUITCLAIM DEED),0.31,True,AR
16-05747-000,9/5/2006,195000.0,WD(WARRANTY DEED),0.31,True,AR
16-05747-000,3/28/2005,10000.0,WD(WARRANTY DEED),0.31,True,AR
16-05747-000,2/11/2005,3000.0,WD(WARRANTY DEED),0.31,True,AR
16-05747-000,12/21/1993,0.0,QCD(QUITCLAIM DEED),0.31,True,AR
16-05747-000,7/13/1993,1000.0,WD(WARRANTY DEED),0.31,True,AR
16-05747-000,7/1/1993,1000.0,WD(WARRANTY DEED),0.31,True,AR
16-05747-000,5/2/1989,4000.0,WD(WARRANTY DEED),0.31,True,AR
16-05748-000,7/16/2012,9250.0,WD(WARRANTY DEED),0.3,False,CA
16-05748-000,7/2/2012,1000.0,WD(WARRANTY DEED),0.3,False,CA
16-05748-000,1/27/2011,0.0,WD(WARRANTY DEED),0.3,False,CA
16-05748-000,6/15/2010,0.0,MTG-D(MORTGAGEE'S DEED),0.3,False,CA
16-05748-000,3/2/2006,4333.0,WD(WARRANTY DEED),0.3,False,CA
16-05748-000,5/21/1993,1000.0,WD(WARRANTY DEED),0.3,False,CA
16-05748-000,2/22/1990,4000.0,WD(WARRANTY DEED),0.3,False,CA
16-05748-000,1/1/1800,0.0,DC(DEATH CERTIFICATE),0.3,False,CA
16-05749-000,4/19/2024,0.0,CORRQC(CORRECTED QUIT CLAIM DEED),0.28,False,AR
16-05749-000,4/12/2024,0.0,CORRQC(CORRECTED QUIT CLAIM DEED),0.28,False,AR
16-05749-000,6/3/2023,0.0,QCD(QUITCLAIM DEED),0.28,False,AR
16-05749-000,4/9/2021,3000.0,QCD(QUITCLAIM DEED),0.28,False,AR
16-05749-000,7/2/2019,0.0,LWD(LIMITED WARRANTY DEED),0.28,False,AR
16-05749-000,10/25/1977,4000.0,WD(WARRANTY DEED),0.28,False,AR
16-05750-000,3/16/2006,186000.0,WD(WARRANTY DEED),0.27,True,AR
16-05750-000,7/27/2005,0.0,WD(WARRANTY DEED),0.27,True,AR
16-05750-000,5/2/2005,3000.0,WD(WARRANTY DEED),0.27,True,AR
16-05750-000,10/20/1989,4000.0,WD(WARRANTY DEED),0.27,True,AR
16-05751-000,9/16/2024,350000.0,WD(WARRANTY DEED),0.3,True,AR
16-05751-000,1/4/2023,10900.0,WD(WARRANTY DEED),0.3,True,AR
16-05751-000,8/22/1997,0.0,WD(WARRANTY DEED),0.3,True,AR
16-05751-000,7/23/1990,1000.0,WD(WARRANTY DEED),0.3,True,AR
16-05751-000,2/12/1980,6000.0,WD(WARRANTY DEED),0.3,True,AR
16-05752-000,7/17/2024,75000.0,WD(WARRANTY DEED),0.3,False,AR
16-05752-000,2/26/2024,10000.0,WD(WARRANTY DEED),0.3,False,AR
16-05752-000,1/24/1990,4000.0,WD(WARRANTY DEED),0.3,False,AR
16-05753-000,4/2/2024,0.0,AFF(AFFIDAVIT),0.33,False,AR
16-05753-000,3/27/2024,0.0,WD(WARRANTY DEED),0.33,False,AR
16-05753-000,10/10/1991,1000.0,WD(WARRANTY DEED),0.33,False,AR
16-05753-000,11/20/1987,4000.0,WD(WARRANTY DEED),0.33,False,AR
16-05754-000,11/9/2023,430000.0,WD(WARRANTY DEED),0.43,True,AR
16-05754-000,4/12/2013,199000.0,WD(WARRANTY DEED),0.43,True,AR
16-05754-000,2/12/2010,0.0,WD(WARRANTY DEED),0.43,True,AR
16-05754-000,2/23/2006,210000.0,WD(WARRANTY DEED),0.43,True,AR
16-05754-000,4/5/2004,4000.0,WD(WARRANTY DEED),0.43,True,AR
16-05754-000,6/29/1990,4000.0,WD(WARRANTY DEED),0.43,True,AR
16-05755-000,12/1/2023,13500.0,WD(WARRANTY DEED),0.41,False,AR
16-05755-000,7/8/2022,10000.0,WD(WARRANTY DEED),0.41,False,AR
16-05755-000,9/27/2008,0.0,WD(WARRANTY DEED),0.41,False,AR
16-05755-000,6/21/2006,11000.0,WD(WARRANTY DEED),0.41,False,AR
16-05755-000,12/17/1987,3500.0,WD(WARRANTY DEED),0.41,False,AR
16-05756-000,11/30/2021,8000.0,WD(WARRANTY DEED),0.31,False,AR
16-05756-000,12/23/2020,1300.0,WD(WARRANTY DEED),0.31,False,AR
16-05756-000,11/23/2020,0.0,WD(WARRANTY DEED),0.31,False,AR
16-05756-000,11/21/2020,0.0,AFF(AFFIDAVIT),0.31,False,AR
16-05756-000,11/20/2020,0.0,AFF(AFFIDAVIT),0.31,False,AR
16-05756-000,8/13/2013,0.0,DC(DEATH CERTIFICATE),0.31,False,AR
16-05756-000,10/21/2003,0.0,WD(WARRANTY DEED),0.31,False,AR
16-05756-000,3/13/1998,1000.0,WD(WARRANTY DEED),0.31,False,AR
16-05756-000,2/5/1998,1000.0,WD(WARRANTY DEED),0.31,False,AR
16-05756-000,2/22/1990,5000.0,WD(WARRANTY DEED),0.31,False,AR
16-05757-000,11/30/2021,378000.0,WD(WARRANTY DEED),0.3,True,AR
16-05757-000,12/29/2020,4000.0,SWD(SPECIAL WARRANTY DEED),0.3,True,AR
16-05757-000,4/1/2019,4400.0,SWD(SPECIAL WARRANTY DEED),0.3,True,AR
16-05757-000,8/28/2014,0.0,COMMD(COMMISSIONERS DEED),0.3,True,AR
16-05757-000,5/6/2013,0.0,RD(REDEMPTION DEED),0.3,True,AR
16-05757-000,2/15/2005,3000.0,WD(WARRANTY DEED),0.3,True,AR
16-05757-000,3/6/1995,0.0,QCD(QUITCLAIM DEED),0.3,True,AR
16-05757-000,5/6/1993,0.0,WD(WARRANTY DEED),0.3,True,AR
16-05758-000,11/30/2021,378000.0,WD(WARRANTY DEED),0.3,False,AR
16-05758-000,11/9/2020,4500.0,TRWD(TRUSTEES WARRANTY DEED),0.3,False,AR
16-05758-000,1/19/2019,0.0,QCD(QUITCLAIM DEED),0.3,False,AR
16-05758-000,3/13/1998,0.0,QCD(QUITCLAIM DEED),0.3,False,AR
16-05758-000,6/3/1992,2000.0,WD(WARRANTY DEED),0.3,False,AR
16-05758-000,10/10/1990,5000.0,WD(WARRANTY DEED),0.3,False,AR
16-05759-000,7/10/2017,1000.0,QCD(QUITCLAIM DEED),0.29,False,CA
16-05759-000,6/7/2017,0.0,LWD(LIMITED WARRANTY DEED),0.29,False,CA
16-05759-000,11/30/2009,0.0,CWD(CORPORATION WARRANTY DEED),0.29,False,CA
16-05759-000,8/20/2009,0.0,QCD(QUITCLAIM DEED),0.29,False,CA
16-05759-000,11/24/2008,0.0,WD(WARRANTY DEED),0.29,False,CA
16-05759-000,7/6/2005,2000.0,WD(WARRANTY DEED),0.29,False,CA
16-05759-000,10/20/1998,0.0,RD(REDEMPTION DEED),0.29,False,CA
16-05759-000,6/13/1996,0.0,WD(WARRANTY DEED),0.29,False,CA
16-05759-000,6/6/1996,1000.0,CWD(CORPORATION WARRANTY DEED),0.29,False,CA
16-05759-000,6/6/1996,1000.0,WD(WARRANTY DEED),0.29,False,CA
16-05759-000,9/22/1989,4500.0,WD(WARRANTY DEED),0.29,False,CA
16-05760-000,5/23/2008,120000.0,WD(WARRANTY DEED),0.32,True,VA
16-05760-000,8/16/2007,0.0,WD(WARRANTY DEED),0.32,True,VA
16-05760-000,7/14/2003,2000.0,WD(WARRANTY DEED),0.32,True,VA
16-05760-000,5/28/2002,0.0,WD(WARRANTY DEED),0.32,True,VA
16-05760-000,12/4/1981,8000.0,WD(WARRANTY DEED),0.32,True,VA
16-05761-000,9/14/2021,6000.0,WD(WARRANTY DEED),0.35,False,AR
16-05761-000,4/14/2021,4000.0,WD(WARRANTY DEED),0.35,False,AR
16-05761-000,4/8/2008,200000.0,WD(WARRANTY DEED),0.35,False,AR
16-05761-000,1/30/2008,200000.0,CORRWD(CORRECTED WARRANTY DEED),0.35,False,AR
16-05761-000,1/30/2008,200000.0,WD(WARRANTY DEED),0.35,False,AR
16-05761-000,12/15/2005,13000.0,WD(WARRANTY DEED),0.35,False,AR
16-05761-000,12/19/1994,1000.0,CWD(CORPORATION WARRANTY DEED),0.35,False,AR
16-05761-000,12/19/1994,1000.0,WD(WARRANTY DEED),0.35,False,AR
16-05762-000,3/18/2010,0.0,QCD(QUITCLAIM DEED),0.33,False,FL
16-05762-000,7/15/2009,20000.0,WD(WARRANTY DEED),0.33,False,FL
16-05762-000,11/24/2008,0.0,WD(WARRANTY DEED),0.33,False,FL
16-05762-000,10/20/2005,10000.0,WD(WARRANTY DEED),0.33,False,FL
16-05762-000,2/8/2005,2000.0,WD(WARRANTY DEED),0.33,False,FL
16-05762-000,2/8/2005,0.0,QCD(QUITCLAIM DEED),0.33,False,FL
16-05762-000,5/1/2001,7000.0,WD(WARRANTY DEED),0.33,False,FL
16-05762-000,8/12/1988,0.0,CONT(CONTRACT),0.33,False,FL
16-05762-000,1/14/1985,8000.0,WD(WARRANTY DEED),0.33,False,FL
16-05763-000,12/26/2024,10250.0,QCD(QUITCLAIM DEED),0.38,False,AR
16-05763-000,7/28/2023,0.0,LWD(LIMITED WARRANTY DEED),0.38,False,AR
16-05763-000,11/28/2018,0.0,RD(REDEMPTION DEED),0.38,False,AR
16-05763-000,5/5/2014,0.0,QCD(QUITCLAIM DEED),0.38,False,AR
16-05763-000,8/12/2012,0.0,AFF(AFFIDAVIT),0.38,False,AR
16-05763-000,8/12/2012,0.0,DC(DEATH CERTIFICATE),0.38,False,AR
16-05763-000,5/12/2009,0.0,RD(REDEMPTION DEED),0.38,False,AR
16-05763-000,12/4/2008,10000.0,WD(WARRANTY DEED),0.38,False,AR
16-05763-000,9/5/2008,2000.0,COMMD(COMMISSIONERS DEED),0.38,False,AR
16-05763-000,9/7/2007,3000.0,WD(WARRANTY DEED),0.38,False,AR
16-05763-000,4/4/2006,0.0,LTR(LETTER),0.38,False,AR
16-05763-000,2/25/2005,0.0,WD(WARRANTY DEED),0.38,False,AR
16-05763-000,9/15/1990,0.0,DC(DEATH CERTIFICATE),0.38,False,AR
16-05763-000,12/30/1988,7250.0,WD(WARRANTY DEED),0.38,False,AR
16-05763-000,6/27/1986,0.0,CONT(CONTRACT),0.38,False,AR
16-05763-000,5/23/1986,0.0,CONT(CONTRACT),0.38,False,AR
16-05763-000,6/25/1985,0.0,CONT(CONTRACT),0.38,False,AR
16-05764-000,9/11/2020,0.0,RD(REDEMPTION DEED),0.46,False,NJ
16-05764-000,1/15/2018,601.0,QCD(QUITCLAIM DEED),0.46,False,NJ
16-05764-000,8/30/2017,0.0,LWD(LIMITED WARRANTY DEED),0.46,False,NJ
16-05764-000,4/23/2007,13000.0,WD(WARRANTY DEED),0.46,False,NJ
16-05764-000,9/2/2005,4000.0,WD(WARRANTY DEED),0.46,False,NJ
16-05764-000,7/2/1999,0.0,WD(WARRANTY DEED),0.46,False,NJ
16-05764-000,2/9/1989,0.0,QCD(QUITCLAIM DEED),0.46,False,NJ
16-05764-000,8/3/1988,4000.0,WD(WARRANTY DEED),0.46,False,NJ
16-05765-000,2/22/2021,3000.0,TRWD(TRUSTEES WARRANTY DEED),0.45,False,AR
16-05765-000,9/25/2007,0.0,TRD(TRUSTEES DEED),0.45,False,AR
16-05765-000,9/23/1999,0.0,WD(WARRANTY DEED),0.45,False,AR
16-05765-000,3/24/1989,4000.0,WD(WARRANTY DEED),0.45,False,AR
16-05766-000,8/28/2020,0.0,LWD(LIMITED WARRANTY DEED),0.31,False,AR
16-05766-000,8/28/2009,1451000.0,QCD(QUITCLAIM DEED),0.31,False,AR
16-05766-000,8/21/2009,402000.0,DEED(GRANT DEED),0.31,False,AR
16-05766-000,9/15/2008,0.0,DEED(GRANT DEED),0.31,False,AR
16-05766-000,1/17/2006,6000.0,WD(WARRANTY DEED),0.31,False,AR
16-05766-000,7/27/2004,0.0,QCD(QUITCLAIM DEED),0.31,False,AR
16-05766-000,7/27/2004,0.0,MEMO(MEMORANDUM),0.31,False,AR
16-05766-000,4/24/1996,1000.0,CWD(CORPORATION WARRANTY DEED),0.31,False,AR
16-05766-000,4/24/1996,1000.0,WD(WARRANTY DEED),0.31,False,AR
16-05766-000,9/17/1990,4500.0,WD(WARRANTY DEED),0.31,False,AR
16-05767-000,2/7/2020,255000.0,WD(WARRANTY DEED),0.29,True,AR
16-05767-000,11/8/2007,185000.0,WD(WARRANTY DEED),0.29,True,AR
16-05767-000,11/4/2005,7000.0,WD(WARRANTY DEED),0.29,True,AR
16-05767-000,10/30/1990,4500.0,WD(WARRANTY DEED),0.29,True,AR
16-05768-000,6/9/2017,175000.0,WD(WARRANTY DEED),0.37,True,AR
16-05768-000,6/20/2009,173000.0,WD(WARRANTY DEED),0.37,True,AR
16-05768-000,1/5/2007,185000.0,WD(WARRANTY DEED),0.37,True,AR
16-05768-000,1/30/2006,10000.0,WD(WARRANTY DEED),0.37,True,AR
16-05768-000,2/21/1997,0.0,WD(WARRANTY DEED),0.37,True,AR
16-05768-000,6/5/1996,0.0,QCD(QUITCLAIM DEED),0.37,True,AR
16-05768-000,3/14/1996,9000.0,WD(WARRANTY DEED),0.37,True,AR
16-05769-000,10/17/2012,1000.0,WD(WARRANTY DEED),0.51,False,UT
16-05769-000,7/31/2012,80000.0,CWD(CORPORATION WARRANTY DEED),0.51,False,UT
16-05769-000,1/24/2006,6000.0,WD(WARRANTY DEED),0.51,False,UT
16-05769-000,12/2/2005,0.0,RD(REDEMPTION DEED),0.51,False,UT
16-05769-000,5/4/1993,0.0,QCD(QUITCLAIM DEED),0.51,False,UT
16-05769-000,5/11/1992,0.0,QCD(QUITCLAIM DEED),0.51,False,UT
16-05769-000,5/11/1992,0.0,QCD(QUITCLAIM DEED),0.51,False,UT
16-05769-000,2/5/1992,1000.0,WD(WARRANTY DEED),0.51,False,UT
16-05769-000,9/15/1987,4000.0,WD(WARRANTY DEED),0.51,False,UT
16-05770-000,12/13/2023,60000.0,CORRWD(CORRECTED WARRANTY DEED),0.34,False,TX
16-05770-000,12/13/2023,60000.0,SWD(SPECIAL WARRANTY DEED),0.34,False,TX
16-05770-000,11/30/2023,50000.0,WD(WARRANTY DEED),0.34,False,TX
16-05770-000,3/23/2021,0.0,LWD(LIMITED WARRANTY DEED),0.34,False,TX
16-05770-000,4/13/2009,0.0,QCD(QUITCLAIM DEED),0.34,False,TX
16-05770-000,12/31/2008,0.0,QCD(QUITCLAIM DEED),0.34,False,TX
16-05770-000,4/15/2008,1000.0,WD(WARRANTY DEED),0.34,False,TX
16-05770-000,2/14/2007,0.0,WD(WARRANTY DEED),0.34,False,TX
16-05770-000,2/7/2007,0.0,MEMO(MEMORANDUM),0.34,False,TX
16-05770-000,10/29/1999,1000.0,QCD(QUITCLAIM DEED),0.34,False,TX
16-05770-000,7/12/1999,0.0,QCD(QUITCLAIM DEED),0.34,False,TX
16-05770-000,6/12/1997,1000.0,CWD(CORPORATION WARRANTY DEED),0.34,False,TX
16-05770-000,3/3/1997,0.0,RD(REDEMPTION DEED),0.34,False,TX
16-05770-000,12/20/1996,0.0,COMMD(COMMISSIONERS DEED),0.34,False,TX
16-05770-000,12/30/1988,8000.0,WD(WARRANTY DEED),0.34,False,TX
16-05771-000,7/13/2009,0.0,DC(DEATH CERTIFICATE),0.25,False,MO
16-05771-000,5/17/2001,0.0,QCD(QUITCLAIM DEED),0.25,False,MO
16-05771-000,10/3/1991,2000.0,WD(WARRANTY DEED),0.25,False,MO
16-05771-000,11/28/1984,0.0,WD(WARRANTY DEED),0.25,False,MO
16-05772-000,8/28/1989,4000.0,WD(WARRANTY DEED),0.32,False,AL
16-05773-000,5/23/2018,181000.0,WD(WARRANTY DEED),0.31,True,AR
16-05773-000,6/14/2012,130000.0,WD(WARRANTY DEED),0.31,True,AR
16-05773-000,5/6/2010,114000.0,SWD(SPECIAL WARRANTY DEED),0.31,True,AR
16-05773-000,12/23/2009,0.0,MTG-D(MORTGAGEE'S DEED),0.31,True,AR
16-05773-000,10/11/2009,0.0,OR(ORDER),0.31,True,AR
16-05773-000,8/3/2009,0.0,MTG-D(MORTGAGEE'S DEED),0.31,True,AR
16-05773-000,7/28/2009,0.0,MTG-D(MORTGAGEE'S DEED),0.31,True,AR
16-05773-000,2/7/2007,0.0,QCD(QUITCLAIM DEED),0.31,True,AR
16-05773-000,4/25/2006,177000.0,WD(WARRANTY DEED),0.31,True,AR
16-05773-000,4/25/2005,0.0,WD(WARRANTY DEED),0.31,True,AR
16-05773-000,3/28/2005,0.0,QCD(QUITCLAIM DEED),0.31,True,AR
16-05773-000,3/28/2005,2000.0,WD(WARRANTY DEED),0.31,True,AR
16-05773-000,3/21/2005,0.0,MEMO(MEMORANDUM),0.31,True,AR
16-05773-000,11/19/2003,0.0,QCD(QUITCLAIM DEED),0.31,True,AR
16-05773-000,12/27/1994,0.0,RD(REDEMPTION DEED),0.31,True,AR
16-05773-000,5/25/1989,0.0,QCD(QUITCLAIM DEED),0.31,True,AR
16-05773-000,3/20/1986,7000.0,WD(WARRANTY DEED),0.31,True,AR
16-05773-000,2/5/1985,0.0,QCD(QUITCLAIM DEED),0.31,True,AR
16-05773-000,10/12/1984,11000.0,WD(WARRANTY DEED),0.31,True,AR
16-05773-000,2/9/1983,7000.0,WD(WARRANTY DEED),0.31,True,AR
16-05774-000,12/21/2012,140000.0,WD(WARRANTY DEED),0.35,True,AR
16-05774-000,7/24/2006,202000.0,WD(WARRANTY DEED),0.35,True,AR
16-05774-000,11/7/2003,4000.0,WD(WARRANTY DEED),0.35,True,AR
16-05774-000,6/22/1992,0.0,WD(WARRANTY DEED),0.35,True,AR
16-05774-000,12/30/1988,8300.0,WD(WARRANTY DEED),0.35,True,AR
16-05774-000,3/2/1988,0.0,WD(WARRANTY DEED),0.35,True,AR
16-05775-000,9/10/2021,10000.0,CWD(CORPORATION WARRANTY DEED),0.29,False,AR
16-05775-000,3/20/2017,0.0,QCD(QUITCLAIM DEED),0.29,False,AR
16-05775-000,10/24/2012,1000.0,WD(WARRANTY DEED),0.29,False,AR
16-05775-000,9/14/2012,0.0,WD(WARRANTY DEED),0.29,False,AR
16-05775-000,9/12/2012,10000.0,WD(WARRANTY DEED),0.29,False,AR
16-05775-000,1/27/2011,0.0,WD(WARRANTY DEED),0.29,False,AR
16-05775-000,6/15/2010,0.0,MTG-D(MORTGAGEE'S DEED),0.29,False,AR
16-05775-000,1/20/2006,10000.0,COMMD(COMMISSIONERS DEED),0.29,False,AR
16-05775-000,4/15/2004,2000.0,WD(WARRANTY DEED),0.29,False,AR
16-05775-000,11/14/1986,6500.0,WD(WARRANTY DEED),0.29,False,AR
16-05776-000,7/21/2022,6350.0,WD(WARRANTY DEED),0.28,False,OH
16-05776-000,7/8/2022,2550.0,WD(WARRANTY DEED),0.28,False,OH
16-05776-000,6/13/2014,0.0,DC(DEATH CERTIFICATE),0.28,False,OH
16-05776-000,6/13/2014,0.0,DC(DEATH CERTIFICATE),0.28,False,OH
16-05776-000,8/27/1998,0.0,RD(REDEMPTION DEED),0.28,False,OH
16-05776-000,12/20/1988,9000.0,WD(WARRANTY DEED),0.28,False,OH
16-05777-000,10/8/1998,0.0,WD(WARRANTY DEED),0.28,False,IA
16-05777-000,10/8/1998,0.0,DC(DEATH CERTIFICATE),0.28,False,IA
16-05777-000,10/20/1994,1000.0,CWD(CORPORATION WARRANTY DEED),0.28,False,IA
16-05777-000,10/20/1994,1000.0,WD(WARRANTY DEED),0.28,False,IA
16-05777-000,1/9/1991,4500.0,WD(WARRANTY DEED),0.28,False,IA
16-05778-000,10/11/2000,0.0,RD(REDEMPTION DEED),0.34,False,IN
16-05778-000,4/26/1995,1000.0,WD(WARRANTY DEED),0.34,False,IN
16-05779-000,4/6/2024,25000.0,WD(WARRANTY DEED),0.32,False,NJ
16-05779-000,3/14/2024,49000.0,WD(WARRANTY DEED),0.32,False,NJ
16-05779-000,10/27/2023,0.0,QCD(QUITCLAIM DEED),0.32,False,NJ
16-05779-000,4/8/2021,0.0,LWD(LIMITED WARRANTY DEED),0.32,False,NJ
16-05779-000,8/28/2009,1451000.0,QCD(QUITCLAIM DEED),0.32,False,NJ
16-05779-000,8/21/2009,402000.0,DEED(GRANT DEED),0.32,False,NJ
16-05779-000,3/17/2009,0.0,QCD(QUITCLAIM DEED),0.32,False,NJ
16-05779-000,11/24/2008,0.0,WD(WARRANTY DEED),0.32,False,NJ
16-05779-000,9/26/2005,22000.0,WD(WARRANTY DEED),0.32,False,NJ
16-05779-000,3/11/2004,0.0,QCD(QUITCLAIM DEED),0.32,False,NJ
16-05779-000,3/11/2004,1000.0,WD(WARRANTY DEED),0.32,False,NJ
16-05780-000,"3,270",654.0,654,29.18,False,AR
16-05780-000,0,0.0,0,29.18,False,AR
16-05780-000,"3,270",654.0,654,29.18,False,AR
16-05780-000,,654.0,654,29.18,False,AR
16-05780-000,,0.06193,0.06193,29.18,False,AR
16-05780-000,,5.84,5.84,29.18,False,AR
16-05780-001,0,0.0,0,9.52,False,AR
16-05780-001,0,0.0,0,9.52,False,AR
16-05780-001,0,0.0,0,9.52,False,AR
16-05780-001,,0.0,0,9.52,False,AR
16-05780-001,,0.06193,0.06193,9.52,False,AR
16-07695-000,1/4/2024,12650.0,WD(WARRANTY DEED),0.25,False,CA
16-07695-000,10/5/2011,0.0,QCD(QUITCLAIM DEED),0.25,False,CA
16-07695-000,10/5/2011,1693333.0,CORRQC(CORRECTED QUIT CLAIM DEED),0.25,False,CA
16-07695-000,11/24/2008,0.0,WD(WARRANTY DEED),0.25,False,CA
16-07695-000,4/20/2005,1000.0,WD(WARRANTY DEED),0.25,False,CA
16-07695-000,2/9/1999,0.0,RD(REDEMPTION DEED),0.25,False,CA
16-07695-000,11/9/1983,5000.0,WD(WARRANTY DEED),0.25,False,CA
16-07695-000,6/16/1983,7000.0,WD(WARRANTY DEED),0.25,False,CA
16-07695-000,6/16/1983,0.0,CONT(CONTRACT),0.25,False,CA
16-07696-000,6/24/2024,9500.0,WD(WARRANTY DEED),0.29,False,AR
16-07696-000,3/20/1991,0.0,RD(REDEMPTION DEED),0.29,False,AR
16-07696-000,3/4/1991,0.0,COMMD(COMMISSIONERS DEED),0.29,False,AR
16-07696-000,1/1/1982,0.0,WD(WARRANTY DEED),0.29,False,AR
16-07697-000,4/27/2023,8500.0,WD(WARRANTY DEED),0.28,False,AR
16-07697-000,4/26/2023,3500.0,WD(WARRANTY DEED),0.28,False,AR
16-07697-000,5/1/2016,0.0,DC(DEATH CERTIFICATE),0.28,False,AR
16-07697-000,6/24/1997,0.0,WD(WARRANTY DEED),0.28,False,AR
16-07697-000,9/17/1990,0.0,WD(WARRANTY DEED),0.28,False,AR
16-07697-000,9/25/1989,0.0,WD(WARRANTY DEED),0.28,False,AR
16-07697-000,3/6/1984,0.0,WD(WARRANTY DEED),0.28,False,AR
16-07698-000,3/30/2023,14900.0,WD(WARRANTY DEED),0.29,False,FL
16-07698-000,10/5/2011,1693333.0,CORRQC(CORRECTED QUIT CLAIM DEED),0.29,False,FL
16-07698-000,11/24/2008,0.0,WD(WARRANTY DEED),0.29,False,FL
16-07698-000,4/13/2006,6000.0,WD(WARRANTY DEED),0.29,False,FL
16-07698-000,2/7/2006,0.0,RD(REDEMPTION DEED),0.29,False,FL
16-07698-000,7/28/2005,0.0,QCD(QUITCLAIM DEED),0.29,False,FL
16-07698-000,3/25/1993,5000.0,WD(WARRANTY DEED),0.29,False,FL
16-07698-000,10/7/1991,0.0,WD(WARRANTY DEED),0.29,False,FL
16-07698-000,4/25/1991,0.0,COMMD(COMMISSIONERS DEED),0.29,False,FL
16-07698-000,5/5/1982,5000.0,WD(WARRANTY DEED),0.29,False,FL
16-07699-000,2/27/2013,15000.0,WD(WARRANTY DEED),0.27,False,CA
16-07699-000,10/5/2011,1693333.0,CORRQC(CORRECTED QUIT CLAIM DEED),0.27,False,CA
16-07699-000,11/24/2008,0.0,WD(WARRANTY DEED),0.27,False,CA
16-07699-000,10/4/2005,8000.0,WD(WARRANTY DEED),0.27,False,CA
16-07699-000,6/7/1999,0.0,RD(REDEMPTION DEED),0.27,False,CA
16-07699-000,2/23/1999,1000.0,WD(WARRANTY DEED),0.27,False,CA
16-07699-000,1/17/1992,1000.0,WD(WARRANTY DEED),0.27,False,CA
16-07699-000,1/27/1984,5000.0,WD(WARRANTY DEED),0.27,False,CA
16-07700-000,5/13/2021,3000.0,WD(WARRANTY DEED),0.27,False,AR
16-07700-000,5/13/2021,0.0,BD(BENEFICIARY DEED),0.27,False,AR
16-07700-000,5/9/2017,0.0,BD(BENEFICIARY DEED),0.27,False,AR
16-07700-000,6/3/1986,4000.0,WD(WARRANTY DEED),0.27,False,AR
16-07701-000,8/30/2019,7000.0,CWD(CORPORATION WARRANTY DEED),0.27,False,AR
16-07701-000,12/30/2013,0.0,CWD(CORPORATION WARRANTY DEED),0.27,False,AR
16-07701-000,11/15/2012,0.0,DEED(GRANT DEED),0.27,False,AR
16-07701-000,11/15/2012,0.0,DEED(GRANT DEED),0.27,False,AR
16-07701-000,12/14/2007,0.0,AFF(AFFIDAVIT),0.27,False,AR
16-07701-000,7/7/2006,0.0,QCD(QUITCLAIM DEED),0.27,False,AR
16-07701-000,1/27/2006,7000.0,COMMD(COMMISSIONERS DEED),0.27,False,AR
16-07701-000,1/23/2004,4000.0,WD(WARRANTY DEED),0.27,False,AR
16-07701-000,11/13/1991,0.0,WD(WARRANTY DEED),0.27,False,AR
16-07701-000,1/20/1983,0.0,COMMD(COMMISSIONERS DEED),0.27,False,AR
16-07702-000,6/3/2022,0.0,QCD(QUITCLAIM DEED),0.3,False,MO
16-07702-000,12/5/2001,0.0,QCD(QUITCLAIM DEED),0.3,False,MO
16-07702-000,8/10/1994,0.0,WD(WARRANTY DEED),0.3,False,MO
16-07702-000,5/26/1994,0.0,QCD(QUITCLAIM DEED),0.3,False,MO
16-07702-000,5/20/1994,0.0,QCD(QUITCLAIM DEED),0.3,False,MO
16-07702-000,5/20/1994,1000.0,QCD(QUITCLAIM DEED),0.3,False,MO
16-07702-000,5/20/1994,0.0,DC(DEATH CERTIFICATE),0.3,False,MO
16-07702-000,5/20/1994,1000.0,QCD(QUITCLAIM DEED),0.3,False,MO
16-07702-000,9/26/1986,6000.0,WD(WARRANTY DEED),0.3,False,MO
16-07703-000,4/7/2016,0.0,QCD(QUITCLAIM DEED),0.3,True,AR
16-07703-000,5/10/2007,0.0,BD(BENEFICIARY DEED),0.3,True,AR
16-07703-000,1/25/2007,141000.0,CWD(CORPORATION WARRANTY DEED),0.3,True,AR
16-07703-000,2/24/2006,22000.0,WD(WARRANTY DEED),0.3,True,AR
16-07703-000,2/14/2006,0.0,POA(POWER OF ATTORNEY),0.3,True,AR
16-07703-000,2/8/2006,22000.0,WD(WARRANTY DEED),0.3,True,AR
16-07703-000,12/30/2005,11000.0,COMMD(COMMISSIONERS DEED),0.3,True,AR
16-07703-000,4/15/2004,4000.0,WD(WARRANTY DEED),0.3,True,AR
16-07703-000,9/12/1983,6000.0,WD(WARRANTY DEED),0.3,True,AR
16-07704-000,10/5/2022,410000.0,WD(WARRANTY DEED),0.3,True,AR
16-07704-000,6/14/2021,3000.0,WD(WARRANTY DEED),0.3,True,AR
16-07704-000,4/28/2003,0.0,RD(REDEMPTION DEED),0.3,True,AR
16-07704-000,7/9/1999,0.0,HIST(HISTORICAL),0.3,True,AR
16-07704-000,6/21/1990,0.0,QCD(QUITCLAIM DEED),0.3,True,AR
16-07704-000,8/19/1976,5000.0,WD(WARRANTY DEED),0.3,True,AR
16-07705-000,6/18/2012,0.0,QCD(QUITCLAIM DEED),0.29,True,AR
16-07705-000,9/28/2011,0.0,SWD(SPECIAL WARRANTY DEED),0.29,True,AR
16-07705-000,6/15/2011,0.0,MTG-D(MORTGAGEE'S DEED),0.29,True,AR
16-07705-000,12/29/2005,249000.0,WD(WARRANTY DEED),0.29,True,AR
16-07705-000,12/30/2004,5000.0,WD(WARRANTY DEED),0.29,True,AR
16-07705-000,9/12/1983,5000.0,WD(WARRANTY DEED),0.29,True,AR
16-07706-000,3/22/2021,0.0,RD(REDEMPTION DEED),0.27,False,OX
16-07706-000,7/3/2018,0.0,RD(REDEMPTION DEED),0.27,False,OX
16-07706-000,3/18/2009,0.0,QCD(QUITCLAIM DEED),0.27,False,OX
16-07706-000,11/24/2008,0.0,WD(WARRANTY DEED),0.27,False,OX
16-07706-000,9/2/2005,4000.0,WD(WARRANTY DEED),0.27,False,OX
16-07706-000,10/5/2001,0.0,QCD(QUITCLAIM DEED),0.27,False,OX
16-07706-000,7/3/1996,7000.0,WD(WARRANTY DEED),0.27,False,OX
16-07706-000,6/23/1983,6000.0,WD(WARRANTY DEED),0.27,False,OX
16-07706-000,5/23/1983,0.0,CONT(CONTRACT),0.27,False,OX
16-07707-000,10/5/2021,0.0,LWD(LIMITED WARRANTY DEED),0.27,False,AR
16-07707-000,10/4/2013,0.0,RD(REDEMPTION DEED),0.27,False,AR
16-07707-000,2/26/2007,20000.0,WD(WARRANTY DEED),0.27,False,AR
16-07707-000,9/14/2005,5000.0,WD(WARRANTY DEED),0.27,False,AR
16-07707-000,6/20/1991,0.0,DOT(DEED OF TRUST),0.27,False,AR
16-07707-000,9/12/1985,0.0,CONT(CONTRACT),0.27,False,AR
16-07707-000,8/4/1984,0.0,CONT(CONTRACT),0.27,False,AR
16-07708-000,5/24/2021,6000.0,CWD(CORPORATION WARRANTY DEED),0.27,False,AR
16-07708-000,2/25/2005,3000.0,WD(WARRANTY DEED),0.27,False,AR
16-07708-000,4/6/1998,6000.0,WD(WARRANTY DEED),0.27,False,AR
16-07708-000,5/18/1983,0.0,CONT(CONTRACT),0.27,False,AR
16-07708-000,10/26/1982,0.0,WD(WARRANTY DEED),0.27,False,AR
16-07709-000,9/13/2023,5500.0,WD(WARRANTY DEED),0.3,False,AR
16-07709-000,9/24/2018,1800.0,WD(WARRANTY DEED),0.3,False,AR
16-07709-000,9/6/2005,4000.0,WD(WARRANTY DEED),0.3,False,AR
16-07709-000,9/26/1990,0.0,CONT(CONTRACT),0.3,False,AR
16-07709-000,9/27/1983,0.0,WD(WARRANTY DEED),0.3,False,AR
16-07710-000,5/11/2007,20000.0,WD(WARRANTY DEED),0.34,False,FL
16-07710-000,8/16/2005,4000.0,WD(WARRANTY DEED),0.34,False,FL
16-07710-000,8/5/1996,7000.0,WD(WARRANTY DEED),0.34,False,FL
16-07710-000,8/5/1996,3000.0,WD(WARRANTY DEED),0.34,False,FL
16-07710-000,10/11/1914,0.0,CONT(CONTRACT),0.34,False,FL
16-07711-000,10/24/2012,1000.0,WD(WARRANTY DEED),0.31,False,UT
16-07711-000,4/2/2012,0.0,SWD(SPECIAL WARRANTY DEED),0.31,False,UT
16-07711-000,7/15/2011,0.0,COMMD(COMMISSIONERS DEED),0.31,False,UT
16-07711-000,6/2/2010,0.0,RD(REDEMPTION DEED),0.31,False,UT
16-07711-000,12/27/2004,6000.0,WD(WARRANTY DEED),0.31,False,UT
16-07711-000,9/15/2004,1000.0,WD(WARRANTY DEED),0.31,False,UT
16-07711-000,5/14/1999,0.0,WD(WARRANTY DEED),0.31,False,UT
16-07711-000,5/27/1983,2000.0,WD(WARRANTY DEED),0.31,False,UT
16-07712-000,11/12/2021,297000.0,WD(WARRANTY DEED),0.3,True,AR
16-07712-000,4/4/2019,1000.0,SWD(SPECIAL WARRANTY DEED),0.3,True,AR
16-07712-000,6/18/2014,0.0,COMMD(COMMISSIONERS DEED),0.3,True,AR
16-07712-000,8/22/2013,0.0,RD(REDEMPTION DEED),0.3,True,AR
16-07712-000,8/20/2009,0.0,QCD(QUITCLAIM DEED),0.3,True,AR
16-07712-000,11/24/2008,0.0,WD(WARRANTY DEED),0.3,True,AR
16-07712-000,8/16/2005,4000.0,WD(WARRANTY DEED),0.3,True,AR
16-07712-000,7/3/1996,0.0,DC(DEATH CERTIFICATE),0.3,True,AR
16-07712-000,7/3/1996,7000.0,WD(WARRANTY DEED),0.3,True,AR
16-07712-000,10/21/1983,0.0,WD(WARRANTY DEED),0.3,True,AR
16-07713-000,10/9/2019,0.0,QCD(QUITCLAIM DEED),0.28,False,AR
16-07713-000,3/23/2009,0.0,RD(REDEMPTION DEED),0.28,False,AR
16-07713-000,3/10/2009,1000.0,WD(WARRANTY DEED),0.28,False,AR
16-07713-000,2/12/2008,0.0,QCD(QUITCLAIM DEED),0.28,False,AR
16-07713-000,3/23/2005,1000.0,QCD(QUITCLAIM DEED),0.28,False,AR
16-07713-000,7/23/1990,0.0,WD(WARRANTY DEED),0.28,False,AR
16-07713-000,11/22/1983,6000.0,WD(WARRANTY DEED),0.28,False,AR
16-07714-000,1/13/1985,2000.0,WD(WARRANTY DEED),0.28,False,MO
16-07714-000,1/3/1984,6000.0,WD(WARRANTY DEED),0.28,False,MO
16-07715-000,6/30/2017,167000.0,WD(WARRANTY DEED),0.39,True,AR
16-07715-000,10/1/2015,150000.0,WD(WARRANTY DEED),0.39,True,AR
16-07715-000,4/30/2009,135000.0,WD(WARRANTY DEED),0.39,True,AR
16-07715-000,9/5/2008,9000.0,WD(WARRANTY DEED),0.39,True,AR
16-07715-000,2/18/1995,0.0,DC(DEATH CERTIFICATE),0.39,True,AR
16-07715-000,9/16/1983,6000.0,WD(WARRANTY DEED),0.39,True,AR
16-07716-000,5/29/2025,310000.0,WD(WARRANTY DEED),0.28,True,FL
16-07716-000,7/27/2022,280000.0,WD(WARRANTY DEED),0.28,True,FL
16-07716-000,1/27/2020,166000.0,WD(WARRANTY DEED),0.28,True,FL
16-07716-000,2/20/2017,110000.0,SWD(SPECIAL WARRANTY DEED),0.28,True,FL
16-07716-000,11/4/2015,0.0,MTG-D(MORTGAGEE'S DEED),0.28,True,FL
16-07716-000,8/21/2013,124000.0,WD(WARRANTY DEED),0.28,True,FL
16-07716-000,9/24/2007,127000.0,WD(WARRANTY DEED),0.28,True,FL
16-07716-000,7/11/2007,104000.0,WD(WARRANTY DEED),0.28,True,FL
16-07716-000,11/20/2006,0.0,WD(WARRANTY DEED),0.28,True,FL
16-07716-000,11/13/2006,73000.0,WD(WARRANTY DEED),0.28,True,FL
16-07716-000,6/19/2006,0.0,COMMD(COMMISSIONERS DEED),0.28,True,FL
16-07716-000,2/2/2004,5000.0,WD(WARRANTY DEED),0.28,True,FL
16-07716-000,4/19/1990,0.0,CONT(CONTRACT),0.28,True,FL
16-07716-000,10/27/1987,5000.0,WD(WARRANTY DEED),0.28,True,FL
16-07716-000,11/20/1986,0.0,CONT(CONTRACT),0.28,True,FL
16-07716-000,4/15/1986,0.0,CONT(CONTRACT),0.28,True,FL
16-07716-000,12/6/1984,6200.0,WD(WARRANTY DEED),0.28,True,FL
16-07717-000,2/12/2009,0.0,RD(REDEMPTION DEED),0.29,False,CA
16-07717-000,11/15/1999,1000.0,WD(WARRANTY DEED),0.29,False,CA
16-07717-000,6/29/1990,6000.0,WD(WARRANTY DEED),0.29,False,CA
16-07717-000,7/27/1977,0.0,WD(WARRANTY DEED),0.29,False,CA
16-07718-000,7/13/1998,7000.0,WD(WARRANTY DEED),0.23,False,NE
16-07718-000,7/13/1998,0.0,AFF(AFFIDAVIT),0.23,False,NE
16-07718-000,6/23/1984,6000.0,WD(WARRANTY DEED),0.23,False,NE
16-07718-000,6/23/1984,0.0,CONT(CONTRACT),0.23,False,NE
16-07719-000,2/16/1984,0.0,WD(WARRANTY DEED),0.24,False,IA
16-07720-000,5/29/2025,6150.0,WD(WARRANTY DEED),0.25,False,AR
16-07720-000,2/20/2023,0.0,TRD(TRUSTEES DEED),0.25,False,AR
16-07720-000,9/19/2022,0.0,CERT(CERTIFICATE),0.25,False,AR
16-07720-000,9/18/2022,0.0,OBIT(OBITUARY),0.25,False,AR
16-07720-000,8/27/2013,0.0,WD(WARRANTY DEED),0.25,False,AR
16-07720-000,7/16/1990,0.0,ML(MARRIAGE LICENSE),0.25,False,AR
16-07720-000,8/24/1987,0.0,DC(DEATH CERTIFICATE),0.25,False,AR
16-07720-000,8/4/1984,0.0,DC(DEATH CERTIFICATE),0.25,False,AR
16-07720-000,9/17/1983,0.0,CONT(CONTRACT),0.25,False,AR
16-07721-000,10/31/2017,3600.0,WD(WARRANTY DEED),0.24,False,AR
16-07721-000,12/27/2002,1000.0,WD(WARRANTY DEED),0.24,False,AR
16-07721-000,6/18/2002,0.0,WD(WARRANTY DEED),0.24,False,AR
16-07721-000,6/18/2002,0.0,WD(WARRANTY DEED),0.24,False,AR
16-07721-000,3/8/1995,0.0,WD(WARRANTY DEED),0.24,False,AR
16-07721-000,9/24/1994,0.0,DC(DEATH CERTIFICATE),0.24,False,AR
16-07721-000,6/6/1979,7000.0,WD(WARRANTY DEED),0.24,False,AR
16-07722-000,1/12/2017,0.0,TRD(TRUSTEES DEED),0.28,False,KS
16-07722-000,9/1/2006,0.0,QCD(QUITCLAIM DEED),0.28,False,KS
16-07722-000,7/11/2005,0.0,RD(REDEMPTION DEED),0.28,False,KS
16-07722-000,8/30/1999,0.0,WD(WARRANTY DEED),0.28,False,KS
16-07722-000,5/7/1990,0.0,WD(WARRANTY DEED),0.28,False,KS
16-07722-000,3/28/1986,0.0,HIST(HISTORICAL),0.28,False,KS
16-07722-000,10/13/1985,0.0,DC(DEATH CERTIFICATE),0.28,False,KS
16-07722-000,9/23/1983,0.0,WD(WARRANTY DEED),0.28,False,KS
16-07722-000,4/24/1983,0.0,DC(DEATH CERTIFICATE),0.28,False,KS
16-07723-000,1/8/2016,0.0,WD(WARRANTY DEED),0.29,False,AR
16-07723-000,11/24/1999,0.0,AMEND(AMENDMENT),0.29,False,AR
16-07723-000,12/14/1994,0.0,WD(WARRANTY DEED),0.29,False,AR
16-07723-000,12/14/1994,0.0,WD(WARRANTY DEED),0.29,False,AR
16-07723-000,12/7/1994,0.0,TRAG(TRUST AGREEMENT),0.29,False,AR
16-07723-000,12/7/1994,0.0,TRAG(TRUST AGREEMENT),0.29,False,AR
16-07723-000,5/10/1985,0.0,WD(WARRANTY DEED),0.29,False,AR
16-07723-000,4/24/1985,0.0,WD(WARRANTY DEED),0.29,False,AR
16-07723-000,7/1/1982,0.0,ML(MARRIAGE LICENSE),0.29,False,AR
16-07724-000,7/2/2024,0.0,BD(BENEFICIARY DEED),0.33,True,AR
16-07724-000,4/15/2022,279000.0,CWD(CORPORATION WARRANTY DEED),0.33,True,AR
16-07724-000,12/2/2020,6250.0,WD(WARRANTY DEED),0.33,True,AR
16-07724-000,10/27/2020,0.0,QCD(QUITCLAIM DEED),0.33,True,AR
16-07724-000,7/2/2019,0.0,LWD(LIMITED WARRANTY DEED),0.33,True,AR
16-07724-000,1/30/2012,0.0,QCD(QUITCLAIM DEED),0.33,True,AR
16-07724-000,8/8/2011,0.0,QCD(QUITCLAIM DEED),0.33,True,AR
16-07724-000,3/18/2009,0.0,QCD(QUITCLAIM DEED),0.33,True,AR
16-07724-000,11/24/2008,0.0,WD(WARRANTY DEED),0.33,True,AR
16-07724-000,11/21/2005,6000.0,WD(WARRANTY DEED),0.33,True,AR
16-07724-000,2/19/2002,5000.0,WD(WARRANTY DEED),0.33,True,AR
16-07724-000,5/9/1990,0.0,CONT(CONTRACT),0.33,True,AR
16-07724-000,5/9/1983,2000.0,WD(WARRANTY DEED),0.33,True,AR
16-07725-000,1/2/2025,14000.0,WD(WARRANTY DEED),0.3,False,AR
16-07725-000,12/14/2005,6000.0,WD(WARRANTY DEED),0.3,False,AR
16-07725-000,1/8/1996,0.0,DC(DEATH CERTIFICATE),0.3,False,AR
16-07725-000,10/15/1992,4500.0,WD(WARRANTY DEED),0.3,False,AR
16-07725-000,7/1/1992,9300.0,WD(WARRANTY DEED),0.3,False,AR
16-07725-000,8/5/1983,0.0,WD(WARRANTY DEED),0.3,False,AR
16-07726-000,5/9/2013,0.0,QCD(QUITCLAIM DEED),0.3,False,FL
16-07726-000,10/8/2007,20000.0,WD(WARRANTY DEED),0.3,False,FL
16-07726-000,9/9/2005,4000.0,WD(WARRANTY DEED),0.3,False,FL
16-07726-000,8/12/1983,0.0,WD(WARRANTY DEED),0.3,False,FL
16-07727-000,10/18/2021,25000.0,WD(WARRANTY DEED),0.67,False,AR
16-07727-000,1/9/2012,0.0,QCD(QUITCLAIM DEED),0.67,False,AR
16-07727-000,12/13/2011,0.0,QCD(QUITCLAIM DEED),0.67,False,AR
16-07727-000,7/3/2008,18000.0,WD(WARRANTY DEED),0.67,False,AR
16-07727-000,12/17/2005,8000.0,WD(WARRANTY DEED),0.67,False,AR
16-07727-000,7/6/1999,0.0,WD(WARRANTY DEED),0.67,False,AR
16-07727-000,11/3/1993,1000.0,CWD(CORPORATION WARRANTY DEED),0.67,False,AR
16-07727-000,10/29/1993,1000.0,WD(WARRANTY DEED),0.67,False,AR
16-07727-000,5/26/1983,6000.0,WD(WARRANTY DEED),0.67,False,AR
16-07728-000,6/20/2024,65000.0,WD(WARRANTY DEED),0.68,False,AR
16-07728-000,10/15/2021,25000.0,WD(WARRANTY DEED),0.68,False,AR
16-07728-000,12/7/1990,4500.0,WD(WARRANTY DEED),0.68,False,AR
16-07729-000,5/17/2024,580000.0,WD(WARRANTY DEED),0.33,True,AR
16-07729-000,10/12/2022,0.0,WD(WARRANTY DEED),0.33,True,AR
16-07729-000,11/8/2021,8000.0,CWD(CORPORATION WARRANTY DEED),0.33,True,AR
16-07729-000,7/7/2021,0.0,RD(REDEMPTION DEED),0.33,True,AR
16-07729-000,6/11/2018,0.0,RD(REDEMPTION DEED),0.33,True,AR
16-07729-000,6/11/2014,0.0,RD(REDEMPTION DEED),0.33,True,AR
16-07729-000,12/13/2005,13000.0,WD(WARRANTY DEED),0.33,True,AR
16-07729-000,2/28/2002,200.0,QCD(QUITCLAIM DEED),0.33,True,AR
16-07729-000,4/10/1997,1000.0,WD(WARRANTY DEED),0.33,True,AR
16-07729-000,10/19/1995,1000.0,WD(WARRANTY DEED),0.33,True,AR
16-07729-000,10/4/1995,0.0,RD(REDEMPTION DEED),0.33,True,AR
16-07729-000,8/10/1995,1000.0,COMMD(COMMISSIONERS DEED),0.33,True,AR
16-07730-000,3/8/2022,16000.0,LWD(LIMITED WARRANTY DEED),0.27,False,AR
16-07730-000,3/5/2021,0.0,LWD(LIMITED WARRANTY DEED),0.27,False,AR
16-07730-000,8/28/2009,1451000.0,QCD(QUITCLAIM DEED),0.27,False,AR
16-07730-000,8/21/2009,402000.0,DEED(GRANT DEED),0.27,False,AR
16-07730-000,9/15/2008,0.0,DEED(GRANT DEED),0.27,False,AR
16-07730-000,10/20/2005,9000.0,WD(WARRANTY DEED),0.27,False,AR
16-07730-000,6/20/2000,1000.0,WD(WARRANTY DEED),0.27,False,AR
16-07730-000,9/19/1988,2900.0,WD(WARRANTY DEED),0.27,False,AR
16-07730-000,7/14/1988,6000.0,WD(WARRANTY DEED),0.27,False,AR
16-07730-000,12/5/1983,6000.0,WD(WARRANTY DEED),0.27,False,AR
16-07731-000,3/8/2022,16000.0,LWD(LIMITED WARRANTY DEED),0.28,True,AR
16-07731-000,3/5/2021,0.0,LWD(LIMITED WARRANTY DEED),0.28,True,AR
16-07731-000,4/1/2013,39000.0,SWD(SPECIAL WARRANTY DEED),0.28,True,AR
16-07731-000,3/27/2013,0.0,COMMD(COMMISSIONERS DEED),0.28,True,AR
16-07731-000,7/19/2012,1000.0,COMMD(COMMISSIONERS DEED),0.28,True,AR
16-07731-000,4/30/2010,0.0,QCD(QUITCLAIM DEED),0.28,True,AR
16-07731-000,11/24/2008,0.0,WD(WARRANTY DEED),0.28,True,AR
16-07731-000,6/1/2005,1000.0,WD(WARRANTY DEED),0.28,True,AR
16-07731-000,7/1/1994,0.0,QCD(QUITCLAIM DEED),0.28,True,AR
16-07731-000,1/19/1984,0.0,WD(WARRANTY DEED),0.28,True,AR
16-07732-000,6/25/2021,8000.0,WD(WARRANTY DEED),0.26,False,AR
16-07732-000,8/21/2007,0.0,RD(REDEMPTION DEED),0.26,False,AR
16-07732-000,11/25/2002,0.0,RD(REDEMPTION DEED),0.26,False,AR
16-07732-000,10/6/1997,1000.0,WD(WARRANTY DEED),0.26,False,AR
16-07732-000,9/20/1993,2000.0,WD(WARRANTY DEED),0.26,False,AR
16-07732-000,7/9/1991,2000.0,WD(WARRANTY DEED),0.26,False,AR
16-07732-000,4/5/1991,0.0,CONT(CONTRACT),0.26,False,AR
16-07732-000,8/17/1987,0.0,CONT(CONTRACT),0.26,False,AR
16-07732-000,4/14/1986,0.0,CONT(CONTRACT),0.26,False,AR
16-07732-000,4/21/1985,0.0,CONT(CONTRACT),0.26,False,AR
16-07733-000,6/11/2020,0.0,RD(REDEMPTION DEED),0.42,False,AR
16-07733-000,5/25/2020,3200.0,WD(WARRANTY DEED),0.42,False,AR
16-07733-000,8/28/2009,1451000.0,QCD(QUITCLAIM DEED),0.42,False,AR
16-07733-000,8/21/2009,402000.0,DEED(GRANT DEED),0.42,False,AR
16-07733-000,9/15/2008,0.0,DEED(GRANT DEED),0.42,False,AR
16-07733-000,10/17/2007,4000.0,WD(WARRANTY DEED),0.42,False,AR
16-07733-000,8/16/2006,0.0,RD(REDEMPTION DEED),0.42,False,AR
16-07733-000,4/14/1983,0.0,WD(WARRANTY DEED),0.42,False,AR
16-07734-000,1/5/2016,0.0,SWD(SPECIAL WARRANTY DEED),0.33,False,AR
16-07734-000,6/18/2014,0.0,COMMD(COMMISSIONERS DEED),0.33,False,AR
16-07734-000,8/22/2013,0.0,RD(REDEMPTION DEED),0.33,False,AR
16-07734-000,8/20/2009,0.0,QCD(QUITCLAIM DEED),0.33,False,AR
16-07734-000,11/24/2008,0.0,WD(WARRANTY DEED),0.33,False,AR
16-07734-000,9/6/2005,4000.0,WD(WARRANTY DEED),0.33,False,AR
16-07734-000,1/10/1984,6000.0,WD(WARRANTY DEED),0.33,False,AR
16-07735-000,10/6/2015,3500.0,LWD(LIMITED WARRANTY DEED),0.32,False,AR
16-07735-000,3/29/2010,0.0,WD(WARRANTY DEED),0.32,False,AR
16-07735-000,2/2/2010,0.0,DEED(GRANT DEED),0.32,False,AR
16-07735-000,7/15/2009,0.0,QCD(QUITCLAIM DEED),0.32,False,AR
16-07735-000,11/24/2008,0.0,WD(WARRANTY DEED),0.32,False,AR
16-07735-000,5/26/2005,1000.0,WD(WARRANTY DEED),0.32,False,AR
16-07735-000,7/24/2003,1000.0,WD(WARRANTY DEED),0.32,False,AR
16-07735-000,6/22/1992,1000.0,CORRWD(CORRECTED WARRANTY DEED),0.32,False,AR
16-07735-000,5/12/1992,0.0,WD(WARRANTY DEED),0.32,False,AR
16-07735-000,6/21/1991,0.0,WD(WARRANTY DEED),0.32,False,AR
16-07735-000,6/20/1991,0.0,WD(WARRANTY DEED),0.32,False,AR
16-07735-000,8/1/1983,6000.0,WD(WARRANTY DEED),0.32,False,AR
16-07736-000,9/10/2020,0.0,WD(WARRANTY DEED),0.31,True,AR
16-07736-000,10/3/2008,8000.0,WD(WARRANTY DEED),0.31,True,AR
16-07736-000,10/3/2008,0.0,CORRQC(CORRECTED QUIT CLAIM DEED),0.31,True,AR
16-07736-000,8/27/2008,0.0,QCD(QUITCLAIM DEED),0.31,True,AR
16-07736-000,10/22/2007,0.0,DEC(DECREE),0.31,True,AR
16-07736-000,12/1/2005,0.0,QCD(QUITCLAIM DEED),0.31,True,AR
16-07736-000,7/30/2004,3000.0,WD(WARRANTY DEED),0.31,True,AR
16-07736-000,10/8/1999,0.0,RD(REDEMPTION DEED),0.31,True,AR
16-07736-000,10/15/1982,0.0,WD(WARRANTY DEED),0.31,True,AR
16-07737-000,9/10/2020,0.0,WD(WARRANTY DEED),0.29,True,AR
16-07737-000,10/6/2008,154000.0,WD(WARRANTY DEED),0.29,True,AR
16-07737-000,6/7/2006,262000.0,WD(WARRANTY DEED),0.29,True,AR
16-07737-000,3/1/2006,0.0,COMMD(COMMISSIONERS DEED),0.29,True,AR
16-07737-000,3/8/2004,0.0,WD(WARRANTY DEED),0.29,True,AR
16-07737-000,2/27/2004,0.0,QCD(QUITCLAIM DEED),0.29,True,AR
16-07737-000,2/27/2004,0.0,QCD(QUITCLAIM DEED),0.29,True,AR
16-07737-000,2/27/2004,0.0,QCD(QUITCLAIM DEED),0.29,True,AR
16-07737-000,10/31/2003,1000.0,WD(WARRANTY DEED),0.29,True,AR
16-07737-000,10/13/2003,0.0,RD(REDEMPTION DEED),0.29,True,AR
16-07737-000,4/21/2003,0.0,QCD(QUITCLAIM DEED),0.29,True,AR
16-07737-000,4/21/2003,0.0,QCD(QUITCLAIM DEED),0.29,True,AR
16-07737-000,4/21/2003,0.0,QCD(QUITCLAIM DEED),0.29,True,AR
16-07737-000,7/20/1984,0.0,QCD(QUITCLAIM DEED),0.29,True,AR
16-07738-000,12/23/2021,8000.0,WD(WARRANTY DEED),0.3,False,AR
16-07738-000,11/18/2020,0.0,BD(BENEFICIARY DEED),0.3,False,AR
16-07738-000,8/5/2019,0.0,DC(DEATH CERTIFICATE),0.3,False,AR
16-07738-000,10/8/2001,6000.0,WD(WARRANTY DEED),0.3,False,AR
16-07738-000,7/3/1990,0.0,CONT(CONTRACT),0.3,False,AR
16-07738-000,7/3/1985,0.0,DC(DEATH CERTIFICATE),0.3,False,AR
16-07739-000,2/6/2020,2500.0,CWD(CORPORATION WARRANTY DEED),0.28,False,AR
16-07739-000,1/5/2010,1000.0,WD(WARRANTY DEED),0.28,False,AR
16-07739-000,12/9/2009,6000.0,WD(WARRANTY DEED),0.28,False,AR
16-07739-000,5/13/2009,0.0,RD(REDEMPTION DEED),0.28,False,AR
16-07739-000,9/5/2008,2000.0,COMMD(COMMISSIONERS DEED),0.28,False,AR
16-07739-000,7/8/2008,1000.0,WD(WARRANTY DEED),0.28,False,AR
16-07739-000,9/4/2007,5000.0,SWD(SPECIAL WARRANTY DEED),0.28,False,AR
16-07739-000,12/22/2003,0.0,WD(WARRANTY DEED),0.28,False,AR
16-07739-000,12/19/2000,0.0,HIST(HISTORICAL),0.28,False,AR
16-07739-000,5/2/1989,1000.0,WD(WARRANTY DEED),0.28,False,AR
16-07739-000,2/23/1987,3000.0,WD(WARRANTY DEED),0.28,False,AR
16-07740-000,7/17/2019,2000.0,SWD(SPECIAL WARRANTY DEED),0.27,False,AR
16-07740-000,6/18/2014,0.0,COMMD(COMMISSIONERS DEED),0.27,False,AR
16-07740-000,8/22/2013,0.0,RD(REDEMPTION DEED),0.27,False,AR
16-07740-000,8/20/2009,0.0,QCD(QUITCLAIM DEED),0.27,False,AR
16-07740-000,11/24/2008,0.0,WD(WARRANTY DEED),0.27,False,AR
16-07740-000,4/14/2005,1000.0,WD(WARRANTY DEED),0.27,False,AR
16-07740-000,11/23/1998,1000.0,WD(WARRANTY DEED),0.27,False,AR
16-07740-000,5/10/1997,0.0,DC(DEATH CERTIFICATE),0.27,False,AR
16-07740-000,8/3/1983,0.0,WD(WARRANTY DEED),0.27,False,AR
16-07741-000,1/14/2025,0.0,WD(WARRANTY DEED),0.33,True,TX
16-07741-000,6/18/2021,12000.0,WD(WARRANTY DEED),0.33,True,TX
16-07741-000,1/14/2016,0.0,CORRWD(CORRECTED WARRANTY DEED),0.33,True,TX
16-07741-000,1/14/2016,0.0,MEMO(MEMORANDUM),0.33,True,TX
16-07741-000,1/14/2016,355000.0,WD(WARRANTY DEED),0.33,True,TX
16-07741-000,1/14/2016,0.0,MEMO(MEMORANDUM),0.33,True,TX
16-07741-000,8/18/2009,0.0,OTHER(OTHER DOCUMENT),0.33,True,TX
16-07741-000,12/8/1999,1000.0,WD(WARRANTY DEED),0.33,True,TX
16-07741-000,11/23/1999,1000.0,WD(WARRANTY DEED),0.33,True,TX
16-07741-000,9/27/1983,5000.0,WD(WARRANTY DEED),0.33,True,TX
16-07742-000,1/14/2025,0.0,WD(WARRANTY DEED),0.29,False,TX
16-07742-000,8/11/2021,0.0,RD(REDEMPTION DEED),0.29,False,TX
16-07742-000,7/30/2021,9000.0,WD(WARRANTY DEED),0.29,False,TX
16-07742-000,10/4/2013,0.0,RD(REDEMPTION DEED),0.29,False,TX
16-07742-000,2/26/2007,20000.0,WD(WARRANTY DEED),0.29,False,TX
16-07742-000,7/25/2005,2000.0,WD(WARRANTY DEED),0.29,False,TX
16-07742-000,4/12/2004,0.0,WD(WARRANTY DEED),0.29,False,TX
16-07742-000,7/26/2001,1000.0,WD(WARRANTY DEED),0.29,False,TX
16-07742-000,7/11/2001,0.0,WD(WARRANTY DEED),0.29,False,TX
16-07742-000,2/1/1982,5000.0,WD(WARRANTY DEED),0.29,False,TX
16-07743-000,7/11/1989,5000.0,WD(WARRANTY DEED),0.29,False,IA
16-07744-000,7/26/2013,8000.0,WD(WARRANTY DEED),0.29,False,UT
16-07744-000,6/27/2011,9000.0,WD(WARRANTY DEED),0.29,False,UT
16-07744-000,5/2/2011,0.0,WD(WARRANTY DEED),0.29,False,UT
16-07744-000,1/2/2011,0.0,WD(WARRANTY DEED),0.29,False,UT
16-07744-000,8/15/2005,5000.0,WD(WARRANTY DEED),0.29,False,UT
16-07744-000,1/11/1991,0.0,CONT(CONTRACT),0.29,False,UT
16-07744-000,1/30/1990,0.0,RD(REDEMPTION DEED),0.29,False,UT
16-07744-000,1/9/1990,2000.0,WD(WARRANTY DEED),0.29,False,UT
16-07744-000,4/21/1985,0.0,CONT(CONTRACT),0.29,False,UT
16-07744-000,12/5/1983,6000.0,WD(WARRANTY DEED),0.29,False,UT
16-07745-000,4/19/2019,1500.0,WD(WARRANTY DEED),0.27,False,AR
16-07745-000,6/4/2007,4000.0,WD(WARRANTY DEED),0.27,False,AR
16-07745-000,6/4/2007,0.0,CERT(CERTIFICATE),0.27,False,AR
16-07745-000,10/13/1997,0.0,WD(WARRANTY DEED),0.27,False,AR
16-07745-000,10/13/1997,0.0,WD(WARRANTY DEED),0.27,False,AR
16-07745-000,12/17/1982,0.0,CONT(CONTRACT),0.27,False,AR
16-07745-000,4/28/1981,6000.0,WD(WARRANTY DEED),0.27,False,AR
16-07745-000,5/15/1975,6000.0,WD(WARRANTY DEED),0.27,False,AR
16-07746-000,2/12/2015,17800.0,WD(WARRANTY DEED),0.27,False,CA
16-07746-000,10/22/2007,20000.0,WD(WARRANTY DEED),0.27,False,CA
16-07746-000,10/4/2005,8000.0,WD(WARRANTY DEED),0.27,False,CA
16-07746-000,6/18/2004,1000.0,COMMD(COMMISSIONERS DEED),0.27,False,CA
16-07746-000,8/19/1998,0.0,DC(DEATH CERTIFICATE),0.27,False,CA
16-07746-000,8/19/1998,8000.0,WD(WARRANTY DEED),0.27,False,CA
16-07746-000,2/2/1984,0.0,WD(WARRANTY DEED),0.27,False,CA
16-07746-000,10/13/1983,0.0,CONT(CONTRACT),0.27,False,CA
16-07747-000,1/3/2025,499900.0,WD(WARRANTY DEED),0.28,True,AR
16-07747-000,11/13/2022,12000.0,WD(WARRANTY DEED),0.28,True,AR
16-07747-000,7/22/2016,0.0,QCD(QUITCLAIM DEED),0.28,True,AR
16-07747-000,7/29/2013,0.0,QCD(QUITCLAIM DEED),0.28,True,AR
16-07747-000,5/16/2005,0.0,QCD(QUITCLAIM DEED),0.28,True,AR
16-07747-000,4/8/1993,1000.0,WD(WARRANTY DEED),0.28,True,AR
16-07747-000,4/5/1993,1000.0,WD(WARRANTY DEED),0.28,True,AR
16-07747-000,9/9/1981,6000.0,WD(WARRANTY DEED),0.28,True,AR
16-07748-000,12/13/2024,455000.0,WD(WARRANTY DEED),0.26,True,AR
16-07748-000,9/8/2023,13000.0,WD(WARRANTY DEED),0.26,True,AR
16-07748-000,8/10/2023,6500.0,TRWD(TRUSTEES WARRANTY DEED),0.26,True,AR
16-07748-000,2/15/2005,0.0,DOT(DEED OF TRUST),0.26,True,AR
16-07748-000,9/27/2004,0.0,WD(WARRANTY DEED),0.26,True,AR
16-07748-000,8/3/2002,0.0,DC(DEATH CERTIFICATE),0.26,True,AR
16-07748-000,8/19/1998,8000.0,WD(WARRANTY DEED),0.26,True,AR
16-07748-000,11/11/1983,0.0,CONT(CONTRACT),0.26,True,AR
16-07748-000,8/4/1976,0.0,WD(WARRANTY DEED),0.26,True,AR
16-07749-000,10/2/1998,1000.0,QCD(QUITCLAIM DEED),0.26,False,MO
16-07749-000,10/18/1990,5200.0,WD(WARRANTY DEED),0.26,False,MO
16-07750-000,6/9/2020,4500.0,TRWD(TRUSTEES WARRANTY DEED),0.26,True,AR
16-07750-000,2/11/2013,0.0,CERT(CERTIFICATE),0.26,True,AR
16-07750-000,2/8/2000,0.0,WD(WARRANTY DEED),0.26,True,AR
16-07750-000,5/28/1996,1000.0,COMMD(COMMISSIONERS DEED),0.26,True,AR
16-07750-000,8/30/1993,0.0,WD(WARRANTY DEED),0.26,True,AR
16-07750-000,5/17/1983,6000.0,WD(WARRANTY DEED),0.26,True,AR
16-07751-000,1/22/2018,0.0,QCD(QUITCLAIM DEED),0.32,True,AR
16-07751-000,7/15/2015,131250.0,SWD(SPECIAL WARRANTY DEED),0.32,True,AR
16-07751-000,7/30/2014,0.0,SWD(SPECIAL WARRANTY DEED),0.32,True,AR
16-07751-000,6/24/2014,0.0,TRD(TRUSTEES DEED),0.32,True,AR
16-07751-000,3/30/2011,0.0,QCD(QUITCLAIM DEED),0.32,True,AR
16-07751-000,6/23/2008,166000.0,WD(WARRANTY DEED),0.32,True,AR
16-07751-000,12/5/2006,150000.0,WD(WARRANTY DEED),0.32,True,AR
16-07751-000,2/25/2004,141000.0,WD(WARRANTY DEED),0.32,True,AR
16-07751-000,6/18/2003,4000.0,WD(WARRANTY DEED),0.32,True,AR
16-07751-000,2/9/1987,6500.0,WD(WARRANTY DEED),0.32,True,AR
16-07751-000,5/7/1979,0.0,HIST(HISTORICAL),0.32,True,AR
16-07752-000,10/12/2020,1000.0,QCD(QUITCLAIM DEED),0.29,False,AR
16-07752-000,5/1/2020,0.0,LWD(LIMITED WARRANTY DEED),0.29,False,AR
16-07752-000,4/2/2013,270333.0,SWD(SPECIAL WARRANTY DEED),0.29,False,AR
16-07752-000,3/27/2013,0.0,LWD(LIMITED WARRANTY DEED),0.29,False,AR
16-07752-000,11/15/1983,0.0,WD(WARRANTY DEED),0.29,False,AR
16-07753-000,4/21/2025,20000.0,COMMD(COMMISSIONERS DEED),0.39,False,AR
16-07753-000,10/5/2011,0.0,QCD(QUITCLAIM DEED),0.39,False,AR
16-07753-000,10/5/2011,1693333.0,CORRQC(CORRECTED QUIT CLAIM DEED),0.39,False,AR
16-07753-000,11/24/2008,0.0,WD(WARRANTY DEED),0.39,False,AR
16-07753-000,2/22/2005,2000.0,CORRWD(CORRECTED WARRANTY DEED),0.39,False,AR
16-07753-000,1/31/2005,2000.0,WD(WARRANTY DEED),0.39,False,AR
16-07753-000,11/20/1987,6100.0,WD(WARRANTY DEED),0.39,False,AR
16-07753-000,7/28/1984,0.0,CONT(CONTRACT),0.39,False,AR
16-07754-000,9/9/2024,12000.0,COMMD(COMMISSIONERS DEED),0.34,False,AR
16-07754-000,10/5/2011,0.0,QCD(QUITCLAIM DEED),0.34,False,AR
16-07754-000,10/5/2011,1693333.0,CORRQC(CORRECTED QUIT CLAIM DEED),0.34,False,AR
16-07754-000,11/24/2008,0.0,WD(WARRANTY DEED),0.34,False,AR
16-07754-000,2/4/2005,2000.0,WD(WARRANTY DEED),0.34,False,AR
16-07754-000,2/1/1996,0.0,WD(WARRANTY DEED),0.34,False,AR
16-07754-000,12/4/1995,0.0,WD(WARRANTY DEED),0.34,False,AR
16-07754-000,2/24/1993,0.0,WD(WARRANTY DEED),0.34,False,AR
16-07754-000,11/28/1988,2000.0,WD(WARRANTY DEED),0.34,False,AR
16-07754-000,7/18/1983,0.0,WD(WARRANTY DEED),0.34,False,AR
16-07755-000,6/11/2024,10000.0,COMMD(COMMISSIONERS DEED),0.3,False,AR
16-07755-000,10/5/2011,0.0,QCD(QUITCLAIM DEED),0.3,False,AR
16-07755-000,10/5/2011,1693333.0,CORRQC(CORRECTED QUIT CLAIM DEED),0.3,False,AR
16-07755-000,11/24/2008,0.0,WD(WARRANTY DEED),0.3,False,AR
16-07755-000,8/17/2005,6000.0,WD(WARRANTY DEED),0.3,False,AR
16-07755-000,7/22/2005,5000.0,WD(WARRANTY DEED),0.3,False,AR
16-07755-000,12/13/1984,5000.0,WD(WARRANTY DEED),0.3,False,AR
16-07756-000,9/24/2019,198000.0,WD(WARRANTY DEED),0.27,True,AR
16-07756-000,7/12/2016,0.0,CERT(CERTIFICATE),0.27,True,AR
16-07756-000,2/22/2016,0.0,WD(WARRANTY DEED),0.27,True,AR
16-07756-000,4/14/2006,5000.0,WD(WARRANTY DEED),0.27,True,AR
16-07756-000,12/13/2005,0.0,RD(REDEMPTION DEED),0.27,True,AR
16-07756-000,4/15/2005,0.0,QCD(QUITCLAIM DEED),0.27,True,AR
16-07756-000,11/17/2000,0.0,QCD(QUITCLAIM DEED),0.27,True,AR
16-07756-000,9/12/1983,6000.0,WD(WARRANTY DEED),0.27,True,AR
16-07757-000,10/30/2014,0.0,SWD(SPECIAL WARRANTY DEED),0.28,True,AR
16-07757-000,8/28/2014,0.0,MTG-D(MORTGAGEE'S DEED),0.28,True,AR
16-07757-000,3/30/2011,0.0,SWD(SPECIAL WARRANTY DEED),0.28,True,AR
16-07757-000,12/20/2010,0.0,SWD(SPECIAL WARRANTY DEED),0.28,True,AR
16-07757-000,11/22/2010,0.0,MTG-D(MORTGAGEE'S DEED),0.28,True,AR
16-07757-000,1/16/2008,125000.0,WD(WARRANTY DEED),0.28,True,AR
16-07757-000,4/30/2006,0.0,DC(DEATH CERTIFICATE),0.28,True,AR
16-07757-000,10/19/2004,0.0,QCD(QUITCLAIM DEED),0.28,True,AR
16-07757-000,5/11/2004,6000.0,WD(WARRANTY DEED),0.28,True,AR
16-07757-000,4/15/2004,3000.0,WD(WARRANTY DEED),0.28,True,AR
16-07757-000,3/1/1990,6000.0,WD(WARRANTY DEED),0.28,True,AR
16-07757-000,7/1/1975,0.0,HIST(HISTORICAL),0.28,True,AR
16-07758-000,1/31/2006,6000.0,WD(WARRANTY DEED),0.24,False,TX
16-07758-000,6/8/1984,0.0,WD(WARRANTY DEED),0.24,False,TX
16-07759-000,10/8/2004,14000.0,WD(WARRANTY DEED),0.25,False,TX
16-07759-000,4/19/2004,0.0,QCD(QUITCLAIM DEED),0.25,False,TX
16-07759-000,5/13/2003,3000.0,WD(WARRANTY DEED),0.25,False,TX
16-07759-000,5/9/1985,0.0,CONT(CONTRACT),0.25,False,TX
16-07759-000,3/2/1985,7000.0,WD(WARRANTY DEED),0.25,False,TX
16-07760-000,10/8/2004,14000.0,WD(WARRANTY DEED),0.25,False,TX
16-07760-000,4/19/2004,0.0,QCD(QUITCLAIM DEED),0.25,False,TX
16-07760-000,5/13/2003,4000.0,WD(WARRANTY DEED),0.25,False,TX
16-07760-000,12/4/2002,0.0,DC(DEATH CERTIFICATE),0.25,False,TX
16-07760-000,3/30/1984,0.0,WD(WARRANTY DEED),0.25,False,TX
16-07761-000,3/28/2022,270000.0,WD(WARRANTY DEED),0.25,True,AR
16-07761-000,11/10/2021,0.0,WD(WARRANTY DEED),0.25,True,AR
16-07761-000,10/23/2017,0.0,WD(WARRANTY DEED),0.25,True,AR
16-07761-000,4/4/2014,0.0,WD(WARRANTY DEED),0.25,True,AR
16-07761-000,10/21/2010,0.0,CERT(CERTIFICATE),0.25,True,AR
16-07761-000,2/11/2008,3000.0,COMMD(COMMISSIONERS DEED),0.25,True,AR
16-07761-000,8/16/2006,0.0,RD(REDEMPTION DEED),0.25,True,AR
16-07761-000,9/16/1976,0.0,WD(WARRANTY DEED),0.25,True,AR
16-07762-000,1/6/1984,0.0,WD(WARRANTY DEED),0.33,False,IA
16-07763-000,1/13/2021,188000.0,WD(WARRANTY DEED),0.32,True,CO
16-07763-000,1/31/2020,1500.0,WD(WARRANTY DEED),0.32,True,CO
16-07763-000,11/20/2003,0.0,RD(REDEMPTION DEED),0.32,True,CO
16-07763-000,8/26/1996,1000.0,WD(WARRANTY DEED),0.32,True,CO
16-07763-000,7/24/1996,0.0,COMMD(COMMISSIONERS DEED),0.32,True,CO
16-07763-000,5/27/1994,0.0,QCD(QUITCLAIM DEED),0.32,True,CO
16-07763-000,3/8/1983,0.0,WD(WARRANTY DEED),0.32,True,CO
16-07764-000,8/30/2019,7000.0,CWD(CORPORATION WARRANTY DEED),0.29,False,AR
16-07764-000,12/30/2013,0.0,CWD(CORPORATION WARRANTY DEED),0.29,False,AR
16-07764-000,11/15/2012,0.0,DEED(GRANT DEED),0.29,False,AR
16-07764-000,11/15/2012,0.0,DEED(GRANT DEED),0.29,False,AR
16-07764-000,12/14/2007,0.0,AFF(AFFIDAVIT),0.29,False,AR
16-07764-000,7/7/2006,0.0,QCD(QUITCLAIM DEED),0.29,False,AR
16-07764-000,1/27/2006,7000.0,COMMD(COMMISSIONERS DEED),0.29,False,AR
16-07764-000,7/8/2004,6000.0,WD(WARRANTY DEED),0.29,False,AR
16-07764-000,6/3/1988,2000.0,WD(WARRANTY DEED),0.29,False,AR
16-07764-000,4/25/1988,0.0,RD(REDEMPTION DEED),0.29,False,AR
16-07764-000,4/13/1988,1000.0,WD(WARRANTY DEED),0.29,False,AR
16-07764-000,11/16/1977,0.0,WD(WARRANTY DEED),0.29,False,AR
16-07765-000,4/22/2025,32000.0,WD(WARRANTY DEED),0.25,False,AR
16-07765-000,12/27/2021,0.0,RD(REDEMPTION DEED),0.25,False,AR
16-07765-000,12/10/2013,0.0,RD(REDEMPTION DEED),0.25,False,AR
16-07765-000,6/10/2008,18000.0,WD(WARRANTY DEED),0.25,False,AR
16-07765-000,3/30/2006,77000.0,WD(WARRANTY DEED),0.25,False,AR
16-07765-000,1/17/2006,9000.0,WD(WARRANTY DEED),0.25,False,AR
16-07765-000,8/25/1994,1000.0,CWD(CORPORATION WARRANTY DEED),0.25,False,AR
16-07765-000,5/23/1994,0.0,WD(WARRANTY DEED),0.25,False,AR
16-07765-000,7/8/1982,2000.0,WD(WARRANTY DEED),0.25,False,AR
16-07766-000,8/26/2021,4000.0,WD(WARRANTY DEED),0.29,False,AR
16-07766-000,1/3/2019,0.0,BD(BENEFICIARY DEED),0.29,False,AR
16-07766-000,1/3/2019,0.0,CERT(CERTIFICATE),0.29,False,AR
16-07766-000,9/16/1991,0.0,WD(WARRANTY DEED),0.29,False,AR
16-07766-000,6/19/1987,0.0,COMMD(COMMISSIONERS DEED),0.29,False,AR
16-07766-000,9/13/1982,0.0,WD(WARRANTY DEED),0.29,False,AR
16-07767-000,2/23/1995,7000.0,WD(WARRANTY DEED),0.34,False,NE
16-07767-000,7/6/1983,0.0,WD(WARRANTY DEED),0.34,False,NE
16-07767-000,8/11/1982,0.0,CONT(CONTRACT),0.34,False,NE
16-07768-000,4/8/2022,12000.0,WD(WARRANTY DEED),0.35,False,AR
16-07768-000,6/16/2011,0.0,CWD(CORPORATION WARRANTY DEED),0.35,False,AR
16-07768-000,7/28/2009,0.0,COMMD(COMMISSIONERS DEED),0.35,False,AR
16-07768-000,4/27/2006,265000.0,WD(WARRANTY DEED),0.35,False,AR
16-07768-000,2/6/2006,6000.0,WD(WARRANTY DEED),0.35,False,AR
16-07768-000,2/6/2006,0.0,QCD(QUITCLAIM DEED),0.35,False,AR
16-07768-000,3/25/1998,0.0,QCD(QUITCLAIM DEED),0.35,False,AR
16-07768-000,7/22/1993,0.0,WD(WARRANTY DEED),0.35,False,AR
16-07768-000,12/29/1992,4500.0,WD(WARRANTY DEED),0.35,False,AR
16-07768-000,10/7/1991,0.0,WD(WARRANTY DEED),0.35,False,AR
16-07768-000,5/20/1991,0.0,RD(REDEMPTION DEED),0.35,False,AR
16-07768-000,4/25/1991,0.0,COMMD(COMMISSIONERS DEED),0.35,False,AR
16-07768-000,7/26/1976,0.0,WD(WARRANTY DEED),0.35,False,AR
16-07769-000,2/5/2020,0.0,QCD(QUITCLAIM DEED),0.32,False,MO
16-07769-000,7/18/2012,1000.0,QCD(QUITCLAIM DEED),0.32,False,MO
16-07769-000,5/19/2010,0.0,POA(POWER OF ATTORNEY),0.32,False,MO
16-07769-000,12/12/2003,0.0,RD(REDEMPTION DEED),0.32,False,MO
16-07769-000,8/10/1999,1000.0,QCD(QUITCLAIM DEED),0.32,False,MO
16-07769-000,4/21/1999,0.0,QCD(QUITCLAIM DEED),0.32,False,MO
16-07769-000,3/17/1988,1000.0,WD(WARRANTY DEED),0.32,False,MO
16-07769-000,12/14/1987,0.0,WD(WARRANTY DEED),0.32,False,MO
16-07769-000,2/24/1984,0.0,WD(WARRANTY DEED),0.32,False,MO
16-07769-000,12/13/1983,0.0,WD(WARRANTY DEED),0.32,False,MO
16-07770-000,4/11/2022,7500.0,WD(WARRANTY DEED),0.27,False,AR
16-07770-000,10/5/2021,0.0,LWD(LIMITED WARRANTY DEED),0.27,False,AR
16-07770-000,1/4/2006,6000.0,WD(WARRANTY DEED),0.27,False,AR
16-07770-000,8/18/2003,1000.0,WD(WARRANTY DEED),0.27,False,AR
16-07770-000,6/16/2003,0.0,COMMD(COMMISSIONERS DEED),0.27,False,AR
16-07770-000,7/9/1999,0.0,HIST(HISTORICAL),0.27,False,AR
16-07770-000,1/30/1984,0.0,WD(WARRANTY DEED),0.27,False,AR
16-07771-000,3/11/2020,1250.0,SWD(SPECIAL WARRANTY DEED),0.36,False,MO
16-07771-000,1/31/2020,0.0,QCD(QUITCLAIM DEED),0.36,False,MO
16-07771-000,6/6/2017,0.0,DC(DEATH CERTIFICATE),0.36,False,MO
16-07771-000,4/21/2003,0.0,WD(WARRANTY DEED),0.36,False,MO
16-07771-000,6/13/1999,0.0,DC(DEATH CERTIFICATE),0.36,False,MO
16-07771-000,7/7/1986,3000.0,WD(WARRANTY DEED),0.36,False,MO
16-07771-000,12/8/1982,6000.0,WD(WARRANTY DEED),0.36,False,MO
16-07772-000,8/30/2019,7000.0,CWD(CORPORATION WARRANTY DEED),0.3,False,AR
16-07772-000,12/30/2013,0.0,CWD(CORPORATION WARRANTY DEED),0.3,False,AR
16-07772-000,11/15/2012,0.0,DEED(GRANT DEED),0.3,False,AR
16-07772-000,11/15/2012,0.0,DEED(GRANT DEED),0.3,False,AR
16-07772-000,12/14/2007,0.0,AFF(AFFIDAVIT),0.3,False,AR
16-07772-000,7/7/2006,0.0,QCD(QUITCLAIM DEED),0.3,False,AR
16-07772-000,1/27/2006,6000.0,COMMD(COMMISSIONERS DEED),0.3,False,AR
16-07772-000,6/4/2004,4000.0,WD(WARRANTY DEED),0.3,False,AR
16-07772-000,9/20/1983,0.0,WD(WARRANTY DEED),0.3,False,AR
16-07773-000,10/17/2016,0.0,OR(ORDER),0.33,False,AR
16-07773-000,6/12/1990,0.0,QCD(QUITCLAIM DEED),0.33,False,AR
16-07773-000,12/27/1978,0.0,WD(WARRANTY DEED),0.33,False,AR
16-07774-000,9/8/2000,1000.0,WD(WARRANTY DEED),0.31,False,OK
16-07774-000,6/10/1998,1000.0,WD(WARRANTY DEED),0.31,False,OK
16-07774-000,11/7/1983,5000.0,WD(WARRANTY DEED),0.31,False,OK
16-07775-000,12/13/2024,0.0,QCD(QUITCLAIM DEED),0.34,False,AR
16-07775-000,11/26/2024,0.0,QCD(QUITCLAIM DEED),0.34,False,AR
16-07775-000,2/11/2022,0.0,RD(REDEMPTION DEED),0.34,False,AR
16-07775-000,2/2/2022,6000.0,WD(WARRANTY DEED),0.34,False,AR
16-07775-000,2/16/2017,0.0,RD(REDEMPTION DEED),0.34,False,AR
16-07775-000,8/28/2009,1451000.0,QCD(QUITCLAIM DEED),0.34,False,AR
16-07775-000,8/21/2009,402000.0,DEED(GRANT DEED),0.34,False,AR
16-07775-000,9/15/2008,0.0,DEED(GRANT DEED),0.34,False,AR
16-07775-000,12/19/2005,8000.0,WD(WARRANTY DEED),0.34,False,AR
16-07775-000,12/17/2004,0.0,QCD(QUITCLAIM DEED),0.34,False,AR
16-07775-000,10/26/1999,0.0,MEMO(MEMORANDUM),0.34,False,AR
16-07775-000,10/4/1999,0.0,MEMO(MEMORANDUM),0.34,False,AR
16-07775-000,12/21/1995,0.0,WD(WARRANTY DEED),0.34,False,AR
16-07775-000,10/5/1985,1500.0,WD(WARRANTY DEED),0.34,False,AR
16-07775-000,6/8/1984,0.0,WD(WARRANTY DEED),0.34,False,AR
16-07775-000,12/28/1983,0.0,WD(WARRANTY DEED),0.34,False,AR
16-07776-000,11/26/2024,12000.0,QCD(QUITCLAIM DEED),0.34,False,AR
16-07776-000,6/10/2024,9500.0,WD(WARRANTY DEED),0.34,False,AR
16-07776-000,2/17/2017,750.0,WD(WARRANTY DEED),0.34,False,AR
16-07776-000,7/18/2012,1000.0,WD(WARRANTY DEED),0.34,False,AR
16-07776-000,5/23/2008,0.0,QCD(QUITCLAIM DEED),0.34,False,AR
16-07776-000,1/29/2003,1000.0,WD(WARRANTY DEED),0.34,False,AR
16-07776-000,8/16/2002,0.0,WD(WARRANTY DEED),0.34,False,AR
16-07776-000,8/16/2002,0.0,WD(WARRANTY DEED),0.34,False,AR
16-07776-000,9/27/1983,5000.0,WD(WARRANTY DEED),0.34,False,AR
16-07777-000,10/30/2023,0.0,WD(WARRANTY DEED),0.36,False,TX
16-07777-000,5/22/2023,0.0,DC(DEATH CERTIFICATE),0.36,False,TX
16-07777-000,2/27/2005,0.0,WD(WARRANTY DEED),0.36,False,TX
16-07777-000,4/2/1984,0.0,WD(WARRANTY DEED),0.36,False,TX
16-07778-000,10/24/1990,2000.0,WD(WARRANTY DEED),0.41,False,AR
16-07778-000,10/5/1990,20000.0,WD(WARRANTY DEED),0.41,False,AR
16-07779-000,5/7/2013,0.0,CERT(CERTIFICATE),0.36,False,AR
16-07779-000,5/7/2012,0.0,QCD(QUITCLAIM DEED),0.36,False,AR
16-07779-000,8/9/2001,1000.0,WD(WARRANTY DEED),0.36,False,AR
16-07779-000,6/26/2001,0.0,WD(WARRANTY DEED),0.36,False,AR
16-07779-000,2/12/1999,1000.0,WD(WARRANTY DEED),0.36,False,AR
16-07779-000,10/24/1997,0.0,WD(WARRANTY DEED),0.36,False,AR
16-07779-000,8/2/1996,1000.0,WD(WARRANTY DEED),0.36,False,AR
16-07779-000,1/25/1996,0.0,WD(WARRANTY DEED),0.36,False,AR
16-07779-000,8/3/1995,0.0,WD(WARRANTY DEED),0.36,False,AR
16-07779-000,2/3/1986,3000.0,WD(WARRANTY DEED),0.36,False,AR
16-07779-000,8/14/1978,6000.0,WD(WARRANTY DEED),0.36,False,AR
16-07780-000,8/16/2023,13000.0,WD(WARRANTY DEED),0.32,False,AR
16-07780-000,5/24/2022,0.0,LWD(LIMITED WARRANTY DEED),0.32,False,AR
16-07780-000,7/31/2013,1000.0,SWD(SPECIAL WARRANTY DEED),0.32,False,AR
16-07780-000,11/14/2008,0.0,COMMD(COMMISSIONERS DEED),0.32,False,AR
16-07780-000,7/14/2008,1000.0,WD(WARRANTY DEED),0.32,False,AR
16-07780-000,4/25/2008,0.0,RD(REDEMPTION DEED),0.32,False,AR
16-07780-000,9/7/2007,4000.0,WD(WARRANTY DEED),0.32,False,AR
16-07780-000,4/28/2004,0.0,WD(WARRANTY DEED),0.32,False,AR
16-07780-000,6/23/1998,0.0,RD(REDEMPTION DEED),0.32,False,AR
16-07780-000,5/26/1998,0.0,WD(WARRANTY DEED),0.32,False,AR
16-07780-000,11/1/1996,0.0,QCD(QUITCLAIM DEED),0.32,False,AR
16-07780-000,9/23/1994,1000.0,WD(WARRANTY DEED),0.32,False,AR
16-07780-000,9/2/1994,1000.0,CWD(CORPORATION WARRANTY DEED),0.32,False,AR
16-07780-000,10/16/1984,0.0,WD(WARRANTY DEED),0.32,False,AR
16-07781-000,6/16/2022,10300.0,SWD(SPECIAL WARRANTY DEED),0.31,False,AR
16-07781-000,4/7/2022,0.0,QCD(QUITCLAIM DEED),0.31,False,AR
16-07781-000,5/23/2019,0.0,DC(DEATH CERTIFICATE),0.31,False,AR
16-07781-000,5/23/2019,0.0,DC(DEATH CERTIFICATE),0.31,False,AR
16-07781-000,8/24/1983,6000.0,WD(WARRANTY DEED),0.31,False,AR
16-07782-000,2/21/2025,0.0,QCD(QUITCLAIM DEED),0.29,False,AR
16-07782-000,3/8/2017,0.0,RD(REDEMPTION DEED),0.29,False,AR
16-07782-000,12/22/2016,0.0,WD(WARRANTY DEED),0.29,False,AR
16-07782-000,10/24/2016,0.0,WD(WARRANTY DEED),0.29,False,AR
16-07782-000,6/27/2016,0.0,WD(WARRANTY DEED),0.29,False,AR
16-07782-000,7/3/2014,0.0,LWD(LIMITED WARRANTY DEED),0.29,False,AR
16-07782-000,4/11/2008,25000.0,WD(WARRANTY DEED),0.29,False,AR
16-07782-000,3/23/2005,2000.0,WD(WARRANTY DEED),0.29,False,AR
16-07782-000,11/25/2002,0.0,RD(REDEMPTION DEED),0.29,False,AR
16-07782-000,8/1/1997,2000.0,WD(WARRANTY DEED),0.29,False,AR
16-07782-000,5/23/1997,1000.0,WD(WARRANTY DEED),0.29,False,AR
16-07782-000,1/31/1978,7000.0,WD(WARRANTY DEED),0.29,False,AR
16-07783-000,10/5/2021,0.0,LWD(LIMITED WARRANTY DEED),0.3,False,AR
16-07783-000,1/27/1989,0.0,WD(WARRANTY DEED),0.3,False,AR
16-07783-000,6/21/1988,1000.0,WD(WARRANTY DEED),0.3,False,AR
16-07783-000,10/20/1983,0.0,WD(WARRANTY DEED),0.3,False,AR
16-07784-000,4/25/2020,0.0,QCD(QUITCLAIM DEED),0.24,False,AR
16-07784-000,3/11/2011,510.0,SWD(SPECIAL WARRANTY DEED),0.24,False,AR
16-07784-000,9/18/2009,0.0,COMMD(COMMISSIONERS DEED),0.24,False,AR
16-07784-000,8/17/2009,0.0,RD(REDEMPTION DEED),0.24,False,AR
16-07784-000,6/9/2006,0.0,RD(REDEMPTION DEED),0.24,False,AR
16-07784-000,8/8/2001,1000.0,WD(WARRANTY DEED),0.24,False,AR
16-07784-000,10/27/1997,0.0,QCD(QUITCLAIM DEED),0.24,False,AR
16-07784-000,7/17/1997,0.0,QCD(QUITCLAIM DEED),0.24,False,AR
16-07784-000,12/10/1996,4000.0,WD(WARRANTY DEED),0.24,False,AR
16-07784-000,1/12/1976,6000.0,WD(WARRANTY DEED),0.24,False,AR
16-07785-000,1/4/2021,305000.0,WD(WARRANTY DEED),0.29,True,AR
16-07785-000,1/13/2020,4500.0,WD(WARRANTY DEED),0.29,True,AR
16-07785-000,8/18/1985,6000.0,WD(WARRANTY DEED),0.29,True,AR
16-07787-000,11/17/2022,0.0,SWD(SPECIAL WARRANTY DEED),0.83,True,AR
16-07787-000,11/17/2022,0.0,CERT(CERTIFICATE),0.83,True,AR
16-07787-000,3/21/2001,5000.0,WD(WARRANTY DEED),0.83,True,AR
16-07787-000,3/21/2001,3000.0,WD(WARRANTY DEED),0.83,True,AR
16-07787-000,8/28/1980,0.0,CONT(CONTRACT),0.83,True,AR
16-07789-000,4/26/1995,0.0,AFF(AFFIDAVIT),0.3,True,AR
16-07789-000,2/16/1995,0.0,QCD(QUITCLAIM DEED),0.3,True,AR
16-07789-000,2/16/1995,0.0,QCD(QUITCLAIM DEED),0.3,True,AR
16-07789-000,9/6/1994,0.0,CONT(CONTRACT),0.3,True,AR
16-07789-000,8/29/1994,0.0,CONT(CONTRACT),0.3,True,AR
16-07789-000,7/24/1985,6000.0,WD(WARRANTY DEED),0.3,True,AR
16-07789-000,9/28/1981,7000.0,WD(WARRANTY DEED),0.3,True,AR
16-07790-000,7/23/2003,0.0,QCD(QUITCLAIM DEED),0.29,False,AR
16-07790-000,7/23/2003,1000.0,WD(WARRANTY DEED),0.29,False,AR
16-07790-000,7/23/2003,0.0,QCD(QUITCLAIM DEED),0.29,False,AR
16-07790-000,7/23/2003,0.0,QCD(QUITCLAIM DEED),0.29,False,AR
16-07790-000,7/23/2003,0.0,QCD(QUITCLAIM DEED),0.29,False,AR
16-07790-000,2/20/2001,1000.0,QCD(QUITCLAIM DEED),0.29,False,AR
16-07790-000,11/16/2000,0.0,WD(WARRANTY DEED),0.29,False,AR
16-07790-000,11/16/2000,0.0,WD(WARRANTY DEED),0.29,False,AR
16-07790-000,11/16/2000,0.0,WD(WARRANTY DEED),0.29,False,AR
16-07790-000,11/16/2000,0.0,WD(WARRANTY DEED),0.29,False,AR
16-07790-000,10/30/2000,0.0,MEMO(MEMORANDUM),0.29,False,AR
16-07790-000,2/5/2000,0.0,DC(DEATH CERTIFICATE),0.29,False,AR
16-07790-000,10/17/1995,0.0,WD(WARRANTY DEED),0.29,False,AR
16-07790-000,6/1/1993,0.0,DC(DEATH CERTIFICATE),0.29,False,AR
16-07790-000,10/14/1981,6000.0,WD(WARRANTY DEED),0.29,False,AR
16-07791-000,11/27/2019,1000.0,WD(WARRANTY DEED),0.32,False,AR
16-07791-000,9/26/2017,0.0,DC(DEATH CERTIFICATE),0.32,False,AR
16-07791-000,7/21/1976,0.0,WD(WARRANTY DEED),0.32,False,AR
16-07792-000,3/14/2025,0.0,QCD(QUITCLAIM DEED),0.22,False,AR
16-07792-000,2/26/2025,9000.0,QCD(QUITCLAIM DEED),0.22,False,AR
16-07792-000,11/7/2024,0.0,QCD(QUITCLAIM DEED),0.22,False,AR
16-07792-000,10/5/2021,0.0,LWD(LIMITED WARRANTY DEED),0.22,False,AR
16-07792-000,9/11/2017,0.0,QCD(QUITCLAIM DEED),0.22,False,AR
16-07792-000,3/26/2010,2000.0,WD(WARRANTY DEED),0.22,False,AR
16-07792-000,3/25/2010,7000.0,WD(WARRANTY DEED),0.22,False,AR
16-07792-000,9/5/2008,2000.0,WD(WARRANTY DEED),0.22,False,AR
16-07792-000,7/8/2008,1000.0,WD(WARRANTY DEED),0.22,False,AR
16-07792-000,12/3/2007,0.0,RD(REDEMPTION DEED),0.22,False,AR
16-07792-000,9/4/2007,5000.0,SWD(SPECIAL WARRANTY DEED),0.22,False,AR
16-07792-000,12/22/2003,0.0,WD(WARRANTY DEED),0.22,False,AR
16-07792-000,12/19/2000,0.0,HIST(HISTORICAL),0.22,False,AR
16-07792-000,1/10/1984,0.0,WD(WARRANTY DEED),0.22,False,AR
16-07793-000,2/24/2025,23500.0,WD(WARRANTY DEED),0.37,False,AR
16-07793-000,3/14/1990,0.0,CONT(CONTRACT),0.37,False,AR
16-07793-000,10/5/1989,5000.0,WD(WARRANTY DEED),0.37,False,AR
16-07793-000,9/11/1989,0.0,CONT(CONTRACT),0.37,False,AR
16-07793-000,6/23/1988,0.0,CONT(CONTRACT),0.37,False,AR
16-07793-000,7/23/1984,5000.0,WD(WARRANTY DEED),0.37,False,AR
16-07794-000,2/13/2025,30000.0,WD(WARRANTY DEED),0.28,False,AR
16-07794-000,2/13/2025,0.0,QCD(QUITCLAIM DEED),0.28,False,AR
16-07794-000,4/8/2021,0.0,LWD(LIMITED WARRANTY DEED),0.28,False,AR
16-07794-000,8/28/2009,1451000.0,QCD(QUITCLAIM DEED),0.28,False,AR
16-07794-000,8/21/2009,402000.0,DEED(GRANT DEED),0.28,False,AR
16-07794-000,9/15/2008,0.0,DEED(GRANT DEED),0.28,False,AR
16-07794-000,11/10/2005,5000.0,WD(WARRANTY DEED),0.28,False,AR
16-07794-000,11/1/2005,0.0,MEMO(MEMORANDUM),0.28,False,AR
16-07794-000,3/16/1998,0.0,WD(WARRANTY DEED),0.28,False,AR
16-07794-000,9/7/1983,0.0,WD(WARRANTY DEED),0.28,False,AR
16-07795-000,2/13/2025,30000.0,WD(WARRANTY DEED),0.32,False,AR
16-07795-000,2/13/2025,0.0,QCD(QUITCLAIM DEED),0.32,False,AR
16-07795-000,4/8/2021,0.0,LWD(LIMITED WARRANTY DEED),0.32,False,AR
16-07795-000,8/28/2009,1451000.0,QCD(QUITCLAIM DEED),0.32,False,AR
16-07795-000,8/21/2009,402000.0,DEED(GRANT DEED),0.32,False,AR
16-07795-000,9/15/2008,0.0,DEED(GRANT DEED),0.32,False,AR
16-07795-000,8/24/2005,2000.0,WD(WARRANTY DEED),0.32,False,AR
16-07795-000,12/31/1997,6000.0,WD(WARRANTY DEED),0.32,False,AR
16-07795-000,7/30/1997,0.0,CONT(CONTRACT),0.32,False,AR
16-07795-000,9/15/1977,0.0,WD(WARRANTY DEED),0.32,False,AR
16-07796-000,12/10/2020,0.0,RD(REDEMPTION DEED),0.24,False,AR
16-07796-000,12/2/1997,1000.0,WD(WARRANTY DEED),0.24,False,AR
16-07796-000,11/15/1983,0.0,WD(WARRANTY DEED),0.24,False,AR
16-07797-000,8/11/2023,10200.0,WD(WARRANTY DEED),0.28,False,AR
16-07797-000,8/11/2023,0.0,QCD(QUITCLAIM DEED),0.28,False,AR
16-07797-000,8/8/2023,0.0,AFF(AFFIDAVIT),0.28,False,AR
16-07797-000,8/8/2023,0.0,AFF(AFFIDAVIT),0.28,False,AR
16-07797-000,8/2/2023,0.0,AFF(AFFIDAVIT),0.28,False,AR
16-07797-000,8/2/2023,0.0,AFF(AFFIDAVIT),0.28,False,AR
16-07797-000,9/11/2009,0.0,RD(REDEMPTION DEED),0.28,False,AR
16-07797-000,4/5/2004,0.0,QCD(QUITCLAIM DEED),0.28,False,AR
16-07797-000,12/24/2003,0.0,QCD(QUITCLAIM DEED),0.28,False,AR
16-07797-000,9/30/2002,0.0,DC(DEATH CERTIFICATE),0.28,False,AR
16-07797-000,9/30/2002,0.0,DC(DEATH CERTIFICATE),0.28,False,AR
16-07797-000,3/29/1994,0.0,TRAG(TRUST AGREEMENT),0.28,False,AR
16-07798-000,9/13/2019,235000.0,WD(WARRANTY DEED),0.29,False,UT
16-07798-000,5/25/2017,0.0,QCD(QUITCLAIM DEED),0.29,False,UT
16-07798-000,8/3/2016,185000.0,WD(WARRANTY DEED),0.29,False,UT
16-07798-000,10/29/2010,6000.0,WD(WARRANTY DEED),0.29,False,UT
16-07798-000,5/4/2007,19000.0,WD(WARRANTY DEED),0.29,False,UT
16-07798-000,4/13/2006,12000.0,WD(WARRANTY DEED),0.29,False,UT
16-07798-000,4/5/2006,9000.0,WD(WARRANTY DEED),0.29,False,UT
16-07798-000,7/29/1991,6000.0,WD(WARRANTY DEED),0.29,False,UT
16-07798-000,9/11/1990,0.0,CONT(CONTRACT),0.29,False,UT
16-07798-000,9/30/1986,5000.0,WD(WARRANTY DEED),0.29,False,UT
16-07798-000,12/28/1983,5000.0,WD(WARRANTY DEED),0.29,False,UT
16-07799-000,6/1/2022,363000.0,WD(WARRANTY DEED),0.28,True,AR
16-07799-000,9/13/2019,235000.0,WD(WARRANTY DEED),0.28,True,AR
16-07799-000,5/25/2017,0.0,QCD(QUITCLAIM DEED),0.28,True,AR
16-07799-000,1/28/2017,0.0,DEC(DECREE),0.28,True,AR
16-07799-000,8/3/2016,185000.0,WD(WARRANTY DEED),0.28,True,AR
16-07799-000,5/30/2008,176000.0,WD(WARRANTY DEED),0.28,True,AR
16-07799-000,6/7/2005,4000.0,WD(WARRANTY DEED),0.28,True,AR
16-07799-000,9/29/2004,1000.0,WD(WARRANTY DEED),0.28,True,AR
16-07799-000,5/31/1979,3000.0,WD(WARRANTY DEED),0.28,True,AR
16-07800-000,6/23/2010,0.0,SWD(SPECIAL WARRANTY DEED),0.3,True,AR
16-07800-000,12/7/2009,0.0,MTG-D(MORTGAGEE'S DEED),0.3,True,AR
16-07800-000,12/2/2003,203000.0,WD(WARRANTY DEED),0.3,True,AR
16-07800-000,7/22/2003,3000.0,WD(WARRANTY DEED),0.3,True,AR
16-07800-000,12/17/1982,0.0,CONT(CONTRACT),0.3,True,AR
16-07800-000,7/9/1981,6000.0,WD(WARRANTY DEED),0.3,True,AR
16-07800-000,7/22/1980,6000.0,WD(WARRANTY DEED),0.3,True,AR
16-07801-000,11/18/2014,0.0,QCD(QUITCLAIM DEED),0.23,False,AR
16-07801-000,9/28/1983,0.0,WD(WARRANTY DEED),0.23,False,AR
16-07802-000,10/6/2023,285000.0,TRWD(TRUSTEES WARRANTY DEED),0.27,True,AR
16-07802-000,10/6/2023,0.0,CERT(CERTIFICATE),0.27,True,AR
16-07802-000,10/6/2023,0.0,CORRQC(CORRECTED QUIT CLAIM DEED),0.27,True,AR
16-07802-000,12/12/2022,0.0,TRAG(TRUST AGREEMENT),0.27,True,AR
16-07802-000,4/16/2021,0.0,QCD(QUITCLAIM DEED),0.27,True,AR
16-07802-000,2/5/2021,0.0,TRWD(TRUSTEES WARRANTY DEED),0.27,True,AR
16-07802-000,7/29/2019,0.0,QCD(QUITCLAIM DEED),0.27,True,AR
16-07802-000,5/17/2019,173000.0,WD(WARRANTY DEED),0.27,True,AR
16-07802-000,9/4/2009,134000.0,WD(WARRANTY DEED),0.27,True,AR
16-07802-000,8/23/2007,142000.0,WD(WARRANTY DEED),0.27,True,AR
16-07802-000,3/7/2007,8000.0,WD(WARRANTY DEED),0.27,True,AR
16-07802-000,12/1/2005,0.0,QCD(QUITCLAIM DEED),0.27,True,AR
16-07802-000,11/6/2003,2000.0,WD(WARRANTY DEED),0.27,True,AR
16-07802-000,3/28/2002,0.0,POA(POWER OF ATTORNEY),0.27,True,AR
16-07802-000,11/20/1983,0.0,WD(WARRANTY DEED),0.27,True,AR
16-07803-000,8/30/2017,0.0,DC(DEATH CERTIFICATE),0.26,True,AR
16-07803-000,9/6/2006,139000.0,WD(WARRANTY DEED),0.26,True,AR
16-07803-000,12/12/2003,1000.0,WD(WARRANTY DEED),0.26,True,AR
16-07803-000,12/12/2003,0.0,QCD(QUITCLAIM DEED),0.26,True,AR
16-07803-000,5/23/1990,0.0,DC(DEATH CERTIFICATE),0.26,True,AR
16-07803-000,9/8/1986,2000.0,WD(WARRANTY DEED),0.26,True,AR
16-07803-000,6/1/1983,6000.0,WD(WARRANTY DEED),0.26,True,AR
16-07804-000,7/8/2024,14000.0,WD(WARRANTY DEED),0.3,False,AR
16-07804-000,7/16/2004,0.0,QCD(QUITCLAIM DEED),0.3,False,AR
16-07804-000,5/25/1989,2000.0,WD(WARRANTY DEED),0.3,False,AR
16-07804-000,5/31/1978,0.0,DC(DEATH CERTIFICATE),0.3,False,AR
16-07804-000,8/5/1975,6000.0,WD(WARRANTY DEED),0.3,False,AR
16-07805-000,3/31/2021,280000.0,WD(WARRANTY DEED),0.25,False,AR
16-07805-000,6/24/2020,2000.0,QCD(QUITCLAIM DEED),0.25,False,AR
16-07805-000,3/12/2012,194.0,LWD(LIMITED WARRANTY DEED),0.25,False,AR
16-07805-000,5/18/2004,7000.0,WD(WARRANTY DEED),0.25,False,AR
16-07805-000,5/11/2004,6000.0,WD(WARRANTY DEED),0.25,False,AR
16-07805-000,4/13/2004,5000.0,QCD(QUITCLAIM DEED),0.25,False,AR
16-07805-000,4/14/2003,0.0,WD(WARRANTY DEED),0.25,False,AR
16-07805-000,8/7/1996,5000.0,WD(WARRANTY DEED),0.25,False,AR
16-07805-000,6/2/1989,0.0,CONT(CONTRACT),0.25,False,AR
16-07805-000,1/27/1984,6000.0,WD(WARRANTY DEED),0.25,False,AR
16-07806-000,3/31/2021,280000.0,WD(WARRANTY DEED),0.27,True,AR
16-07806-000,8/29/2018,225000.0,WD(WARRANTY DEED),0.27,True,AR
16-07806-000,10/25/2011,0.0,CWD(CORPORATION WARRANTY DEED),0.27,True,AR
16-07806-000,12/30/2010,0.0,WD(WARRANTY DEED),0.27,True,AR
16-07806-000,4/18/2008,0.0,WD(WARRANTY DEED),0.27,True,AR
16-07806-000,1/20/2006,0.0,WD(WARRANTY DEED),0.27,True,AR
16-07806-000,12/20/2005,0.0,COMMD(COMMISSIONERS DEED),0.27,True,AR
16-07806-000,2/25/2004,5000.0,WD(WARRANTY DEED),0.27,True,AR
16-07806-000,2/9/1998,1000.0,WD(WARRANTY DEED),0.27,True,AR
16-07806-000,2/9/1998,1000.0,WD(WARRANTY DEED),0.27,True,AR
16-07806-000,12/21/1997,0.0,DC(DEATH CERTIFICATE),0.27,True,AR
16-07806-000,10/21/1991,5500.0,WD(WARRANTY DEED),0.27,True,AR
16-07807-000,10/5/2021,12500.0,WD(WARRANTY DEED),0.46,False,AR
16-07807-000,11/30/2017,0.0,DC(DEATH CERTIFICATE),0.46,False,AR
16-07807-000,10/22/2007,10000.0,WD(WARRANTY DEED),0.46,False,AR
16-07807-000,8/23/2005,0.0,WD(WARRANTY DEED),0.46,False,AR
16-07807-000,9/9/1998,0.0,COMMD(COMMISSIONERS DEED),0.46,False,AR
16-07807-000,4/24/1996,0.0,DC(DEATH CERTIFICATE),0.46,False,AR
16-07807-000,8/30/1995,0.0,QCD(QUITCLAIM DEED),0.46,False,AR
16-07807-000,4/18/1995,1000.0,WD(WARRANTY DEED),0.46,False,AR
16-07807-000,5/28/1993,0.0,DC(DEATH CERTIFICATE),0.46,False,AR
16-07807-000,10/9/1986,6000.0,WD(WARRANTY DEED),0.46,False,AR
16-07807-000,7/23/1984,6000.0,WD(WARRANTY DEED),0.46,False,AR
16-07808-000,6/28/2012,0.0,QCD(QUITCLAIM DEED),0.28,True,AR
16-07808-000,6/26/2009,120000.0,WD(WARRANTY DEED),0.28,True,AR
16-07808-000,11/14/2008,110000.0,SWD(SPECIAL WARRANTY DEED),0.28,True,AR
16-07808-000,12/13/2007,0.0,COMMD(COMMISSIONERS DEED),0.28,True,AR
16-07808-000,9/29/2006,110000.0,WD(WARRANTY DEED),0.28,True,AR
16-07808-000,3/20/2006,0.0,COMMD(COMMISSIONERS DEED),0.28,True,AR
16-07808-000,10/22/2003,3000.0,WD(WARRANTY DEED),0.28,True,AR
16-07808-000,3/17/2003,1000.0,QCD(QUITCLAIM DEED),0.28,True,AR
16-07808-000,2/28/2003,1000.0,QCD(QUITCLAIM DEED),0.28,True,AR
16-07808-000,10/13/1983,5000.0,WD(WARRANTY DEED),0.28,True,AR
16-07809-000,10/19/2017,1000.0,SWD(SPECIAL WARRANTY DEED),0.3,False,AR
16-07809-000,4/17/2017,0.0,COMMD(COMMISSIONERS DEED),0.3,False,AR
16-07809-000,1/18/2017,0.0,RD(REDEMPTION DEED),0.3,False,AR
16-07809-000,10/13/2008,0.0,CORRQC(CORRECTED QUIT CLAIM DEED),0.3,False,AR
16-07809-000,8/27/2008,0.0,QCD(QUITCLAIM DEED),0.3,False,AR
16-07809-000,12/1/2005,0.0,QCD(QUITCLAIM DEED),0.3,False,AR
16-07809-000,1/2/2004,5000.0,CORRWD(CORRECTED WARRANTY DEED),0.3,False,AR
16-07809-000,5/7/2002,0.0,QCD(QUITCLAIM DEED),0.3,False,AR
16-07809-000,12/20/2001,0.0,RD(REDEMPTION DEED),0.3,False,AR
16-07809-000,12/21/1995,1000.0,CWD(CORPORATION WARRANTY DEED),0.3,False,AR
16-07809-000,11/14/1995,1000.0,WD(WARRANTY DEED),0.3,False,AR
16-07809-000,4/18/1987,0.0,LTR(LETTER),0.3,False,AR
16-07809-000,8/18/1976,5000.0,WD(WARRANTY DEED),0.3,False,AR
16-07810-000,8/6/2024,15000.0,WD(WARRANTY DEED),0.31,False,AR
16-07810-000,4/9/2021,0.0,LWD(LIMITED WARRANTY DEED),0.31,False,AR
16-07810-000,2/4/2013,98000.0,WD(WARRANTY DEED),0.31,False,AR
16-07810-000,2/4/2013,9000.0,WD(WARRANTY DEED),0.31,False,AR
16-07810-000,12/19/2012,1000.0,SWD(SPECIAL WARRANTY DEED),0.31,False,AR
16-07810-000,7/29/2011,0.0,COMMD(COMMISSIONERS DEED),0.31,False,AR
16-07810-000,3/31/2006,2000.0,WD(WARRANTY DEED),0.31,False,AR
16-07810-000,3/31/2006,0.0,QCD(QUITCLAIM DEED),0.31,False,AR
16-07810-000,12/28/2005,0.0,QCD(QUITCLAIM DEED),0.31,False,AR
16-07810-000,4/29/2004,0.0,QCD(QUITCLAIM DEED),0.31,False,AR
16-07810-000,5/15/2001,0.0,CERT(CERTIFICATE),0.31,False,AR
16-07810-000,5/15/2001,0.0,QCD(QUITCLAIM DEED),0.31,False,AR
16-07810-000,12/4/1984,6000.0,WD(WARRANTY DEED),0.31,False,AR
16-07811-000,4/27/2016,0.0,WD(WARRANTY DEED),1.13,False,CA
16-07811-000,2/26/1994,0.0,DC(DEATH CERTIFICATE),1.13,False,CA
16-07811-000,6/21/1990,5000.0,WD(WARRANTY DEED),1.13,False,CA
16-07811-000,1/4/1984,0.0,WD(WARRANTY DEED),1.13,False,CA
16-07812-000,10/31/2024,5000.0,WD(WARRANTY DEED),0.22,False,OK
16-07812-000,7/11/2024,2000.0,WD(WARRANTY DEED),0.22,False,OK
16-07812-000,10/31/2007,20000.0,WD(WARRANTY DEED),0.22,False,OK
16-07812-000,10/18/2005,5000.0,WD(WARRANTY DEED),0.22,False,OK
16-07812-000,9/8/2004,3000.0,WD(WARRANTY DEED),0.22,False,OK
16-07812-000,6/28/2004,2000.0,WD(WARRANTY DEED),0.22,False,OK
16-07812-000,11/1/1994,1333.0,QCD(QUITCLAIM DEED),0.22,False,OK
16-07812-000,2/11/1993,0.0,QCD(QUITCLAIM DEED),0.22,False,OK
16-07812-000,9/12/1986,2000.0,WD(WARRANTY DEED),0.22,False,OK
16-07812-000,9/12/1986,2000.0,WD(WARRANTY DEED),0.22,False,OK
16-07812-000,7/6/1983,5000.0,WD(WARRANTY DEED),0.22,False,OK
16-07813-000,7/17/1996,0.0,QCD(QUITCLAIM DEED),0.21,False,OK
16-07813-000,11/22/1989,4000.0,WD(WARRANTY DEED),0.21,False,OK
16-07813-000,11/22/1989,0.0,QCD(QUITCLAIM DEED),0.21,False,OK
16-07813-000,7/8/1985,0.0,WD(WARRANTY DEED),0.21,False,OK
16-07814-000,5/17/1996,1000.0,WD(WARRANTY DEED),0.2,False,TX
16-07814-000,5/17/1996,1000.0,WD(WARRANTY DEED),0.2,False,TX
16-07814-000,8/28/1990,0.0,WD(WARRANTY DEED),0.2,False,TX
16-07814-000,12/30/1987,1000.0,WD(WARRANTY DEED),0.2,False,TX
16-07814-000,8/25/1975,0.0,WD(WARRANTY DEED),0.2,False,TX
16-07815-000,3/12/2024,17000.0,WD(WARRANTY DEED),0.25,False,AR
16-07815-000,4/13/2023,0.0,DC(DEATH CERTIFICATE),0.25,False,AR
16-07815-000,9/15/2004,3000.0,WD(WARRANTY DEED),0.25,False,AR
16-07815-000,6/7/2004,1000.0,WD(WARRANTY DEED),0.25,False,AR
16-07815-000,7/14/1983,6000.0,WD(WARRANTY DEED),0.25,False,AR
16-07816-000,8/20/2020,0.0,WD(WARRANTY DEED),0.31,False,AR
16-07816-000,8/20/2020,0.0,WD(WARRANTY DEED),0.31,False,AR
16-07816-000,2/26/1991,0.0,WD(WARRANTY DEED),0.31,False,AR
16-07816-000,8/27/1987,0.0,RD(REDEMPTION DEED),0.31,False,AR
16-07816-000,6/26/1987,0.0,COMMD(COMMISSIONERS DEED),0.31,False,AR
16-07816-000,4/11/1984,0.0,WD(WARRANTY DEED),0.31,False,AR
16-07817-000,4/10/2025,0.0,BD(BENEFICIARY DEED),0.28,False,AR
16-07817-000,4/24/2017,1200.0,QCD(QUITCLAIM DEED),0.28,False,AR
16-07817-000,4/24/2017,0.0,QCD(QUITCLAIM DEED),0.28,False,AR
16-07817-000,10/19/2011,0.0,BD(BENEFICIARY DEED),0.28,False,AR
16-07817-000,7/22/2003,0.0,WD(WARRANTY DEED),0.28,False,AR
16-07817-000,5/23/1983,0.0,WD(WARRANTY DEED),0.28,False,AR
16-07818-000,11/27/2019,0.0,WD(WARRANTY DEED),0.23,False,AR
16-07818-000,7/12/2018,0.0,QCD(QUITCLAIM DEED),0.23,False,AR
16-07818-000,6/20/1990,0.0,WD(WARRANTY DEED),0.23,False,AR
16-07818-000,12/1/1978,0.0,WD(WARRANTY DEED),0.23,False,AR
16-07819-000,2/10/2022,6000.0,WD(WARRANTY DEED),0.26,False,AR
16-07819-000,9/4/2009,0.0,RD(REDEMPTION DEED),0.26,False,AR
16-07819-000,6/24/2002,0.0,AFF(AFFIDAVIT),0.26,False,AR
16-07819-000,4/21/1995,0.0,DC(DEATH CERTIFICATE),0.26,False,AR
16-07819-000,4/27/1983,8000.0,WD(WARRANTY DEED),0.26,False,AR
16-07820-000,9/25/2019,0.0,QCD(QUITCLAIM DEED),0.26,True,AR
16-07820-000,9/24/2019,180000.0,WD(WARRANTY DEED),0.26,True,AR
16-07820-000,10/23/2015,0.0,SWD(SPECIAL WARRANTY DEED),0.26,True,AR
16-07820-000,7/13/2015,0.0,WD(WARRANTY DEED),0.26,True,AR
16-07820-000,3/5/2015,0.0,COMMD(COMMISSIONERS DEED),0.26,True,AR
16-07820-000,3/3/2015,0.0,DC(DEATH CERTIFICATE),0.26,True,AR
16-07820-000,2/23/2011,136000.0,WD(WARRANTY DEED),0.26,True,AR
16-07820-000,2/18/2011,0.0,POA(POWER OF ATTORNEY),0.26,True,AR
16-07820-000,6/20/2008,156000.0,WD(WARRANTY DEED),0.26,True,AR
16-07820-000,8/10/2005,149000.0,WD(WARRANTY DEED),0.26,True,AR
16-07820-000,4/25/2005,0.0,WD(WARRANTY DEED),0.26,True,AR
16-07820-000,12/10/2004,3000.0,WD(WARRANTY DEED),0.26,True,AR
16-07820-000,3/17/2000,1000.0,WD(WARRANTY DEED),0.26,True,AR
16-07820-000,7/30/1997,1000.0,QCD(QUITCLAIM DEED),0.26,True,AR
16-07820-000,12/5/1983,6000.0,WD(WARRANTY DEED),0.26,True,AR
16-07821-000,7/8/2015,200.0,WD(WARRANTY DEED),0.3,False,AR
16-07821-000,1/31/2015,0.0,DC(DEATH CERTIFICATE),0.3,False,AR
16-07821-000,3/9/2005,4000.0,WD(WARRANTY DEED),0.3,False,AR
16-07821-000,12/6/2004,0.0,WD(WARRANTY DEED),0.3,False,AR
16-07821-000,3/24/1995,7000.0,WD(WARRANTY DEED),0.3,False,AR
16-07821-000,9/8/1983,6000.0,WD(WARRANTY DEED),0.3,False,AR
16-07821-000,12/10/1982,0.0,CONT(CONTRACT),0.3,False,AR
16-07822-000,7/9/2015,120000.0,WD(WARRANTY DEED),0.28,True,AR
16-07822-000,8/16/2006,138000.0,WD(WARRANTY DEED),0.28,True,AR
16-07822-000,12/14/2005,0.0,COMMD(COMMISSIONERS DEED),0.28,True,AR
16-07822-000,12/5/2003,4000.0,WD(WARRANTY DEED),0.28,True,AR
16-07822-000,1/20/2000,0.0,WD(WARRANTY DEED),0.28,True,AR
16-07822-000,12/27/1983,6000.0,WD(WARRANTY DEED),0.28,True,AR
16-07823-000,8/5/1983,5000.0,WD(WARRANTY DEED),0.27,False,KS
16-07824-000,7/9/2024,10000.0,TRWD(TRUSTEES WARRANTY DEED),0.28,False,AR
16-07824-000,7/8/2010,0.0,WD(WARRANTY DEED),0.28,False,AR
16-07824-000,7/8/2010,0.0,CERT(CERTIFICATE),0.28,False,AR
16-07824-000,11/21/2002,0.0,QCD(QUITCLAIM DEED),0.28,False,AR
16-07824-000,9/20/2002,1000.0,WD(WARRANTY DEED),0.28,False,AR
16-07824-000,5/16/2002,0.0,QCD(QUITCLAIM DEED),0.28,False,AR
16-07824-000,11/5/2001,0.0,RD(REDEMPTION DEED),0.28,False,AR
16-07824-000,3/25/1988,6000.0,WD(WARRANTY DEED),0.28,False,AR
16-07824-000,8/4/1983,6000.0,WD(WARRANTY DEED),0.28,False,AR
16-07825-000,8/16/2024,7000.0,WD(WARRANTY DEED),0.27,False,AR
16-07825-000,5/7/2007,1000.0,WD(WARRANTY DEED),0.27,False,AR
16-07825-000,8/10/2001,1000.0,QCD(QUITCLAIM DEED),0.27,False,AR
16-07825-000,7/28/2001,0.0,QCD(QUITCLAIM DEED),0.27,False,AR
16-07825-000,10/10/1989,8000.0,WD(WARRANTY DEED),0.27,False,AR
16-07825-000,10/5/1987,0.0,WD(WARRANTY DEED),0.27,False,AR
16-07825-000,5/21/1984,8000.0,WD(WARRANTY DEED),0.27,False,AR
16-07826-000,6/30/2023,300000.0,WD(WARRANTY DEED),0.28,True,AR
16-07826-000,10/2/2020,210000.0,WD(WARRANTY DEED),0.28,True,AR
16-07826-000,4/23/2019,163000.0,WD(WARRANTY DEED),0.28,True,AR
16-07826-000,5/8/2007,145000.0,WD(WARRANTY DEED),0.28,True,AR
16-07826-000,12/4/2006,11000.0,WD(WARRANTY DEED),0.28,True,AR
16-07826-000,5/2/2006,8000.0,WD(WARRANTY DEED),0.28,True,AR
16-07826-000,2/2/2006,0.0,QCD(QUITCLAIM DEED),0.28,True,AR
16-07826-000,12/30/2005,7000.0,COMMD(COMMISSIONERS DEED),0.28,True,AR
16-07826-000,4/15/2004,5000.0,WD(WARRANTY DEED),0.28,True,AR
16-07826-000,4/13/1987,6000.0,WD(WARRANTY DEED),0.28,True,AR
16-07827-000,125,25.0,25,1.08,False,AR
16-07827-000,0,0.0,0,1.08,False,AR
16-07827-000,125,25.0,25,1.08,False,AR
16-07827-000,,25.0,25,1.08,False,AR
16-07827-000,,0.06193,0.06193,1.08,False,AR
16-07827-000,,0.22,0.22,1.08,False,AR
16-07828-000,"2,450",490.0,490,22.1,False,AR
16-07828-000,0,0.0,0,22.1,False,AR
16-07828-000,"2,450",490.0,490,22.1,False,AR
16-07828-000,,490.0,490,22.1,False,AR
16-07828-000,,0.06193,0.06193,22.1,False,AR
16-07828-000,,4.42,4.42,22.1,False,AR
16-07829-000,9/26/2024,310000.0,WD(WARRANTY DEED),0.3,True,AR
16-07829-000,11/7/2022,13000.0,WD(WARRANTY DEED),0.3,True,AR
16-07829-000,9/23/2022,31000.0,LWD(LIMITED WARRANTY DEED),0.3,True,AR
16-07829-000,8/16/2022,0.0,QCD(QUITCLAIM DEED),0.3,True,AR
16-07829-000,3/23/2021,0.0,LWD(LIMITED WARRANTY DEED),0.3,True,AR
16-07829-000,8/28/2009,1451000.0,QCD(QUITCLAIM DEED),0.3,True,AR
16-07829-000,8/21/2009,402000.0,DEED(GRANT DEED),0.3,True,AR
16-07829-000,9/15/2008,0.0,DEED(GRANT DEED),0.3,True,AR
16-07829-000,10/7/2005,8000.0,WD(WARRANTY DEED),0.3,True,AR
16-07829-000,10/7/2005,0.0,QCD(QUITCLAIM DEED),0.3,True,AR
16-07829-000,7/22/1993,0.0,WD(WARRANTY DEED),0.3,True,AR
16-07829-000,1/11/1993,0.0,EXD(EXECUTOR-EXECUTRIX DEED),0.3,True,AR
16-07829-000,12/28/1983,0.0,WD(WARRANTY DEED),0.3,True,AR
16-07830-000,4/23/2024,0.0,CORRQC(CORRECTED QUIT CLAIM DEED),0.3,False,CA
16-07830-000,3/2/2024,10000.0,WD(WARRANTY DEED),0.3,False,CA
16-07830-000,4/6/2021,0.0,OR(ORDER),0.3,False,CA
16-07830-000,9/24/2019,0.0,WD(WARRANTY DEED),0.3,False,CA
16-07830-000,9/24/2019,0.0,CERT(CERTIFICATE),0.3,False,CA
16-07830-000,7/10/2019,0.0,CERT(CERTIFICATE),0.3,False,CA
16-07830-000,2/10/2017,0.0,MEMO(MEMORANDUM),0.3,False,CA
16-07830-000,6/9/2009,0.0,CERT(CERTIFICATE),0.3,False,CA
16-07830-000,5/15/2009,0.0,CORRWD(CORRECTED WARRANTY DEED),0.3,False,CA
16-07830-000,1/13/2006,0.0,WD(WARRANTY DEED),0.3,False,CA
16-07830-000,9/23/2005,0.0,DC(DEATH CERTIFICATE),0.3,False,CA
16-07830-000,2/1/1984,2000.0,COMMD(COMMISSIONERS DEED),0.3,False,CA
16-07831-000,1/12/2024,8000.0,WD(WARRANTY DEED),0.31,False,AR
16-07831-000,12/29/2023,8000.0,WD(WARRANTY DEED),0.31,False,AR
16-07831-000,5/24/2022,0.0,LWD(LIMITED WARRANTY DEED),0.31,False,AR
16-07831-000,5/13/2009,0.0,RD(REDEMPTION DEED),0.31,False,AR
16-07831-000,12/4/2008,10000.0,WD(WARRANTY DEED),0.31,False,AR
16-07831-000,9/5/2008,2000.0,COMMD(COMMISSIONERS DEED),0.31,False,AR
16-07831-000,9/4/2007,5000.0,SWD(SPECIAL WARRANTY DEED),0.31,False,AR
16-07831-000,5/26/2004,0.0,LWD(LIMITED WARRANTY DEED),0.31,False,AR
16-07831-000,11/25/1997,0.0,RD(REDEMPTION DEED),0.31,False,AR
16-07831-000,7/12/1995,2000.0,CWD(CORPORATION WARRANTY DEED),0.31,False,AR
16-07831-000,7/1/1995,1000.0,WD(WARRANTY DEED),0.31,False,AR
16-07832-000,1/18/2021,1000.0,QCD(QUITCLAIM DEED),0.33,False,AR
16-07832-000,10/8/2020,0.0,LWD(LIMITED WARRANTY DEED),0.33,False,AR
16-07832-000,10/4/2007,84000.0,WD(WARRANTY DEED),0.33,False,AR
16-07832-000,12/12/2005,6000.0,WD(WARRANTY DEED),0.33,False,AR
16-07832-000,10/3/2002,0.0,WD(WARRANTY DEED),0.33,False,AR
16-07832-000,5/1/1989,2000.0,WD(WARRANTY DEED),0.33,False,AR
16-07832-000,4/18/1989,0.0,TRAG(TRUST AGREEMENT),0.33,False,AR
16-07832-000,6/15/1987,0.0,COMMD(COMMISSIONERS DEED),0.33,False,AR
16-07832-000,2/1/1984,2000.0,COMMD(COMMISSIONERS DEED),0.33,False,AR
16-07833-000,11/2/2012,1000.0,WD(WARRANTY DEED),0.32,False,ID
16-07833-000,6/7/2012,38000.0,SWD(SPECIAL WARRANTY DEED),0.32,False,ID
16-07833-000,3/23/2010,0.0,MTG-D(MORTGAGEE'S DEED),0.32,False,ID
16-07833-000,3/29/2007,128000.0,WD(WARRANTY DEED),0.32,False,ID
16-07833-000,5/4/2006,6000.0,WD(WARRANTY DEED),0.32,False,ID
16-07833-000,11/16/1998,0.0,WD(WARRANTY DEED),0.32,False,ID
16-07833-000,4/10/1998,0.0,MEMO(MEMORANDUM),0.32,False,ID
16-07833-000,4/19/1996,1000.0,WD(WARRANTY DEED),0.32,False,ID
16-07833-000,3/30/1995,0.0,RD(REDEMPTION DEED),0.32,False,ID
16-07833-000,3/14/1995,0.0,WD(WARRANTY DEED),0.32,False,ID
16-07834-000,10/19/2023,7000.0,WD(WARRANTY DEED),0.32,False,WA
16-07834-000,2/17/2023,0.0,QCD(QUITCLAIM DEED),0.32,False,WA
16-07834-000,8/9/2019,0.0,OBIT(OBITUARY),0.32,False,WA
16-07834-000,10/4/2012,1000.0,SWD(SPECIAL WARRANTY DEED),0.32,False,WA
16-07834-000,11/2/2011,0.0,QCD(QUITCLAIM DEED),0.32,False,WA
16-07834-000,11/2/2011,0.0,QCD(QUITCLAIM DEED),0.32,False,WA
16-07834-000,1/22/2001,0.0,QCD(QUITCLAIM DEED),0.32,False,WA
16-07834-000,7/8/1996,1000.0,WD(WARRANTY DEED),0.32,False,WA
16-07834-000,9/24/1995,0.0,DC(DEATH CERTIFICATE),0.32,False,WA
16-07834-000,11/9/1992,1000.0,WD(WARRANTY DEED),0.32,False,WA
16-07834-000,7/17/1985,9000.0,WD(WARRANTY DEED),0.32,False,WA
16-07835-000,4/26/2024,4000.0,WD(WARRANTY DEED),0.28,False,AR
16-07835-000,12/7/2020,2200.0,WD(WARRANTY DEED),0.28,False,AR
16-07835-000,7/15/2020,1000.0,QCD(QUITCLAIM DEED),0.28,False,AR
16-07835-000,7/31/2019,0.0,DC(DEATH CERTIFICATE),0.28,False,AR
16-07835-000,4/20/2012,0.0,QCD(QUITCLAIM DEED),0.28,False,AR
16-07835-000,6/29/1999,0.0,WD(WARRANTY DEED),0.28,False,AR
16-07835-000,1/12/1984,0.0,WD(WARRANTY DEED),0.28,False,AR
16-07836-000,3/20/2017,0.0,RD(REDEMPTION DEED),0.29,False,LA
16-07836-000,4/6/2006,6000.0,WD(WARRANTY DEED),0.29,False,LA
16-07836-000,9/10/2002,0.0,RD(REDEMPTION DEED),0.29,False,LA
16-07836-000,1/23/1989,9000.0,WD(WARRANTY DEED),0.29,False,LA
16-07836-000,8/5/1985,0.0,WD(WARRANTY DEED),0.29,False,LA
16-07836-000,3/8/1904,9000.0,WD(WARRANTY DEED),0.29,False,LA
16-07836-000,1/1/1800,0.0,DC(DEATH CERTIFICATE),0.29,False,LA
16-07837-000,2/8/2016,1000.0,QCD(QUITCLAIM DEED),0.31,False,AR
16-07837-000,12/16/2015,0.0,QCD(QUITCLAIM DEED),0.31,False,AR
16-07837-000,7/8/1988,2000.0,WD(WARRANTY DEED),0.31,False,AR
16-07837-000,5/13/1985,5000.0,WD(WARRANTY DEED),0.31,False,AR
16-07838-000,12/5/1983,6000.0,WD(WARRANTY DEED),0.35,False,TX
16-07839-000,11/25/2002,0.0,RD(REDEMPTION DEED),0.29,False,OR
16-07839-000,9/19/1985,6000.0,WD(WARRANTY DEED),0.29,False,OR
16-07840-000,11/9/2015,0.0,DC(DEATH CERTIFICATE),0.28,False,AR
16-07840-000,1/13/2013,0.0,DC(DEATH CERTIFICATE),0.28,False,AR
16-07840-000,6/22/2005,0.0,QCD(QUITCLAIM DEED),0.28,False,AR
16-07840-000,9/11/1997,0.0,WD(WARRANTY DEED),0.28,False,AR
16-07840-000,9/12/1994,1000.0,COMMD(COMMISSIONERS DEED),0.28,False,AR
16-07840-000,1/27/1984,0.0,WD(WARRANTY DEED),0.28,False,AR
16-07841-000,1/19/2009,0.0,WD(WARRANTY DEED),0.29,False,KS
16-07841-000,9/7/2003,0.0,DC(DEATH CERTIFICATE),0.29,False,KS
16-07841-000,9/7/2003,0.0,DC(DEATH CERTIFICATE),0.29,False,KS
16-07841-000,4/18/1979,5000.0,WD(WARRANTY DEED),0.29,False,KS
16-07842-000,11/8/2024,3000.0,QCD(QUITCLAIM DEED),0.3,False,AR
16-07842-000,6/8/2020,0.0,OBIT(OBITUARY),0.3,False,AR
16-07842-000,7/9/1982,6000.0,WD(WARRANTY DEED),0.3,False,AR
16-07843-000,11/2/2012,0.0,WD(WARRANTY DEED),0.24,False,WI
16-07843-000,9/25/2003,0.0,WD(WARRANTY DEED),0.24,False,WI
16-07843-000,10/9/1993,0.0,RD(REDEMPTION DEED),0.24,False,WI
16-07843-000,7/15/1988,2000.0,WD(WARRANTY DEED),0.24,False,WI
16-07843-000,1/15/1979,0.0,WD(WARRANTY DEED),0.24,False,WI
16-07844-000,12/29/2020,0.0,QCD(QUITCLAIM DEED),0.31,False,AR
16-07844-000,4/3/2018,2000.0,SWD(SPECIAL WARRANTY DEED),0.31,False,AR
16-07844-000,8/15/2017,0.0,COMMD(COMMISSIONERS DEED),0.31,False,AR
16-07844-000,8/4/2017,0.0,RD(REDEMPTION DEED),0.31,False,AR
16-07844-000,8/10/2011,1000.0,WD(WARRANTY DEED),0.31,False,AR
16-07844-000,10/5/2007,5000.0,WD(WARRANTY DEED),0.31,False,AR
16-07844-000,12/29/2005,0.0,DEED(GRANT DEED),0.31,False,AR
16-07844-000,12/29/2005,0.0,CERT(CERTIFICATE),0.31,False,AR
16-07844-000,9/8/2002,0.0,DC(DEATH CERTIFICATE),0.31,False,AR
16-07844-000,6/17/1987,7000.0,WD(WARRANTY DEED),0.31,False,AR
16-07844-000,9/3/1986,11000.0,WD(WARRANTY DEED),0.31,False,AR
16-07844-000,9/13/1983,7000.0,WD(WARRANTY DEED),0.31,False,AR
16-07845-000,6/27/2024,11000.0,WD(WARRANTY DEED),0.28,False,AR
16-07845-000,4/7/2023,1475.0,WD(WARRANTY DEED),0.28,False,AR
16-07845-000,4/1/2004,1000.0,WD(WARRANTY DEED),0.28,False,AR
16-07845-000,7/24/2001,0.0,WD(WARRANTY DEED),0.28,False,AR
16-07845-000,10/28/1977,7000.0,WD(WARRANTY DEED),0.28,False,AR
16-07846-000,8/21/2023,5100.0,COMMD(COMMISSIONERS DEED),0.29,False,AR
16-07846-000,1/28/2013,1000.0,WD(WARRANTY DEED),0.29,False,AR
16-07846-000,11/20/2012,65000.0,WD(WARRANTY DEED),0.29,False,AR
16-07846-000,3/18/2009,0.0,QCD(QUITCLAIM DEED),0.29,False,AR
16-07846-000,11/24/2008,0.0,WD(WARRANTY DEED),0.29,False,AR
16-07846-000,3/6/2006,500000.0,WD(WARRANTY DEED),0.29,False,AR
16-07846-000,11/7/2005,6000.0,WD(WARRANTY DEED),0.29,False,AR
16-07846-000,8/5/1997,7000.0,WD(WARRANTY DEED),0.29,False,AR
16-07846-000,7/8/1984,0.0,CONT(CONTRACT),0.29,False,AR
16-07846-000,5/24/1984,0.0,WD(WARRANTY DEED),0.29,False,AR
16-07847-000,3/16/1984,7000.0,WD(WARRANTY DEED),0.29,False,MS
16-07848-000,6/26/2024,0.0,QCD(QUITCLAIM DEED),0.28,False,MN
16-07848-000,9/9/1986,0.0,FD(FIDUCIARY DEED),0.28,False,MN
16-07848-000,5/15/1986,0.0,OR(ORDER),0.28,False,MN
16-07848-000,1/11/1985,0.0,OBIT(OBITUARY),0.28,False,MN
16-07848-000,4/21/1984,0.0,DC(DEATH CERTIFICATE),0.28,False,MN
16-07848-000,4/17/1984,0.0,POA(POWER OF ATTORNEY),0.28,False,MN
16-07848-000,4/17/1984,0.0,POA(POWER OF ATTORNEY),0.28,False,MN
16-07848-000,3/9/1972,7000.0,WD(WARRANTY DEED),0.28,False,MN
16-07849-000,5/16/2016,102000.0,WD(WARRANTY DEED),0.28,True,AR
16-07849-000,6/23/2006,0.0,WD(WARRANTY DEED),0.28,True,AR
16-07849-000,2/27/2006,0.0,DEED(GRANT DEED),0.28,True,AR
16-07849-000,4/5/2005,103000.0,WD(WARRANTY DEED),0.28,True,AR
16-07849-000,10/18/2002,82000.0,WD(WARRANTY DEED),0.28,True,AR
16-07849-000,7/3/2001,0.0,POA(POWER OF ATTORNEY),0.28,True,AR
16-07849-000,7/3/2001,73000.0,WD(WARRANTY DEED),0.28,True,AR
16-07849-000,12/14/1989,33000.0,WD(WARRANTY DEED),0.28,True,AR
16-07849-000,11/1/1982,26000.0,WD(WARRANTY DEED),0.28,True,AR
16-07850-000,9/25/2020,0.0,RD(REDEMPTION DEED),0.29,False,OX
16-07850-000,8/20/2009,0.0,QCD(QUITCLAIM DEED),0.29,False,OX
16-07850-000,11/24/2008,0.0,WD(WARRANTY DEED),0.29,False,OX
16-07850-000,10/28/2005,8000.0,WD(WARRANTY DEED),0.29,False,OX
16-07850-000,8/6/1982,0.0,WD(WARRANTY DEED),0.29,False,OX
16-07851-000,1/24/2023,4600.0,SWD(SPECIAL WARRANTY DEED),0.28,False,AR
16-07851-000,9/22/2022,2000.0,QCD(QUITCLAIM DEED),0.28,False,AR
16-07851-000,8/31/2006,0.0,FD(FIDUCIARY DEED),0.28,False,AR
16-07851-000,1/26/2005,0.0,DC(DEATH CERTIFICATE),0.28,False,AR
16-07851-000,4/17/2001,0.0,QCD(QUITCLAIM DEED),0.28,False,AR
16-07851-000,6/17/1988,0.0,CONT(CONTRACT),0.28,False,AR
16-07851-000,3/14/1985,6000.0,WD(WARRANTY DEED),0.28,False,AR
16-07852-000,6/14/2022,15000.0,WD(WARRANTY DEED),1.24,False,AR
16-07852-000,8/31/2020,4000.0,WD(WARRANTY DEED),1.24,False,AR
16-07852-000,7/16/2020,875.0,WD(WARRANTY DEED),1.24,False,AR
16-07852-000,11/14/2000,12000.0,WD(WARRANTY DEED),1.24,False,AR
16-07852-000,7/20/1987,0.0,CONT(CONTRACT),1.24,False,AR
16-07852-000,7/15/1987,0.0,CONT(CONTRACT),1.24,False,AR
16-07852-000,5/11/1987,0.0,CONT(CONTRACT),1.24,False,AR
16-07852-000,5/18/1981,13000.0,WD(WARRANTY DEED),1.24,False,AR
16-07853-000,4/29/2008,0.0,POA(POWER OF ATTORNEY),0.29,False,AR
16-07853-000,4/29/2008,0.0,WD(WARRANTY DEED),0.29,False,AR
16-07853-000,5/9/2006,0.0,DC(DEATH CERTIFICATE),0.29,False,AR
16-07853-000,9/4/1981,0.0,ML(MARRIAGE LICENSE),0.29,False,AR
16-07853-000,3/17/1977,7000.0,WD(WARRANTY DEED),0.29,False,AR
16-07854-000,12/12/2020,1000.0,QCD(QUITCLAIM DEED),0.31,False,
16-07854-000,9/3/2020,0.0,LWD(LIMITED WARRANTY DEED),0.31,False,
16-07854-000,2/16/1973,7000.0,WD(WARRANTY DEED),0.31,False,
16-07855-000,4/10/2019,1000.0,SWD(SPECIAL WARRANTY DEED),0.25,False,AR
16-07855-000,4/10/2015,0.0,COMMD(COMMISSIONERS DEED),0.25,False,AR
16-07855-000,7/8/2008,0.0,RD(REDEMPTION DEED),0.25,False,AR
16-07855-000,8/16/2005,4000.0,WD(WARRANTY DEED),0.25,False,AR
16-07855-000,3/4/2005,2000.0,QCD(QUITCLAIM DEED),0.25,False,AR
16-07855-000,2/6/2004,1000.0,QCD(QUITCLAIM DEED),0.25,False,AR
16-07855-000,7/8/1994,1000.0,COMMD(COMMISSIONERS DEED),0.25,False,AR
16-07855-000,1/17/1983,6000.0,WD(WARRANTY DEED),0.25,False,AR
16-07856-000,7/29/2005,203000.0,WD(WARRANTY DEED),0.28,False,AR
16-07856-000,4/18/2001,1000.0,WD(WARRANTY DEED),0.28,False,AR
16-07856-000,5/8/2000,3000.0,WD(WARRANTY DEED),0.28,False,AR
16-07856-000,2/10/2000,0.0,QCD(QUITCLAIM DEED),0.28,False,AR
16-07856-000,6/22/1998,7000.0,WD(WARRANTY DEED),0.28,False,AR
16-07856-000,1/9/1992,0.0,RD(REDEMPTION DEED),0.28,False,AR
16-07856-000,3/3/1987,0.0,QCD(QUITCLAIM DEED),0.28,False,AR
16-07856-000,5/1/1982,5000.0,WD(WARRANTY DEED),0.28,False,AR
16-07857-000,7/29/2005,203000.0,WD(WARRANTY DEED),0.29,True,AR
16-07857-000,12/18/1996,1000.0,COMMD(COMMISSIONERS DEED),0.29,True,AR
16-07857-000,9/1/1982,0.0,WD(WARRANTY DEED),0.29,True,AR
16-07858-000,2/6/2025,0.0,CERT(CERTIFICATE),0.22,False,AR
16-07858-000,4/3/2013,0.0,QCD(QUITCLAIM DEED),0.22,False,AR
16-07858-000,4/3/2013,0.0,CERT(CERTIFICATE),0.22,False,AR
16-07858-000,2/12/2004,0.0,QCD(QUITCLAIM DEED),0.22,False,AR
16-07858-000,2/12/2004,0.0,QCD(QUITCLAIM DEED),0.22,False,AR
16-07858-000,2/9/2004,0.0,RD(REDEMPTION DEED),0.22,False,AR
16-07858-000,10/10/1985,0.0,WD(WARRANTY DEED),0.22,False,AR
16-07859-000,4/8/2018,0.0,DC(DEATH CERTIFICATE),0.29,False,NC
16-07859-000,6/12/2008,0.0,DEC(DECREE),0.29,False,NC
16-07859-000,7/12/2005,0.0,DC(DEATH CERTIFICATE),0.29,False,NC
16-07859-000,3/24/2003,0.0,AMEND(AMENDMENT),0.29,False,NC
16-07859-000,4/2/1990,0.0,QCD(QUITCLAIM DEED),0.29,False,NC
16-07859-000,3/23/1990,0.0,TRAG(TRUST AGREEMENT),0.29,False,NC
16-07859-000,6/7/1973,8000.0,WD(WARRANTY DEED),0.29,False,NC
16-07860-000,6/2/2023,0.0,QCD(QUITCLAIM DEED),0.34,False,AR
16-07860-000,2/11/2014,0.0,TRD(TRUSTEES DEED),0.34,False,AR
16-07860-000,2/11/2014,0.0,CERT(CERTIFICATE),0.34,False,AR
16-07860-000,6/12/2013,0.0,DC(DEATH CERTIFICATE),0.34,False,AR
16-07860-000,3/23/2011,0.0,SWD(SPECIAL WARRANTY DEED),0.34,False,AR
16-07860-000,3/23/2011,0.0,CERT(CERTIFICATE),0.34,False,AR
16-07860-000,3/15/2011,0.0,ORD(ORDINANCE),0.34,False,AR
16-07860-000,7/1/2009,0.0,DC(DEATH CERTIFICATE),0.34,False,AR
16-07860-000,8/18/1994,0.0,CWD(CORPORATION WARRANTY DEED),0.34,False,AR
16-07860-000,7/18/1994,0.0,WD(WARRANTY DEED),0.34,False,AR
16-07860-000,5/23/1994,1000.0,WD(WARRANTY DEED),0.34,False,AR
16-07860-000,5/23/1994,1000.0,WD(WARRANTY DEED),0.34,False,AR
16-07860-000,7/28/1982,0.0,WD(WARRANTY DEED),0.34,False,AR
16-07860-000,10/24/1978,0.0,WD(WARRANTY DEED),0.34,False,AR
16-07861-000,11/23/2021,8000.0,WD(WARRANTY DEED),0.29,False,AR
16-07861-000,9/15/2020,0.0,QCD(QUITCLAIM DEED),0.29,False,AR
16-07861-000,11/22/2004,0.0,LWD(LIMITED WARRANTY DEED),0.29,False,AR
16-07861-000,12/21/1977,8000.0,WD(WARRANTY DEED),0.29,False,AR
16-07862-000,3/1/2025,0.0,WD(WARRANTY DEED),0.25,False,FL
16-07862-000,1/29/2025,0.0,WD(WARRANTY DEED),0.25,False,FL
16-07862-000,1/10/2023,2000.0,QCD(QUITCLAIM DEED),0.25,False,FL
16-07862-000,7/21/2021,2000.0,QCD(QUITCLAIM DEED),0.25,False,FL
16-07862-000,3/18/2021,0.0,LWD(LIMITED WARRANTY DEED),0.25,False,FL
16-07862-000,2/27/2017,19850.0,WD(WARRANTY DEED),0.25,False,FL
16-07862-000,10/5/2011,0.0,QCD(QUITCLAIM DEED),0.25,False,FL
16-07862-000,10/5/2011,1693333.0,CORRQC(CORRECTED QUIT CLAIM DEED),0.25,False,FL
16-07862-000,11/24/2008,0.0,WD(WARRANTY DEED),0.25,False,FL
16-07862-000,7/27/2005,3000.0,WD(WARRANTY DEED),0.25,False,FL
16-07862-000,5/1/1995,0.0,QCD(QUITCLAIM DEED),0.25,False,FL
16-07862-000,4/2/1987,0.0,WD(WARRANTY DEED),0.25,False,FL
16-07862-000,6/23/1985,1500.0,WD(WARRANTY DEED),0.25,False,FL
16-07862-000,3/29/1984,0.0,CONT(CONTRACT),0.25,False,FL
16-07863-000,2/26/2008,20000.0,WD(WARRANTY DEED),0.26,False,NY
16-07863-000,6/22/2005,7000.0,WD(WARRANTY DEED),0.26,False,NY
16-07863-000,5/13/2004,0.0,QCD(QUITCLAIM DEED),0.26,False,NY
16-07863-000,9/28/1979,0.0,WD(WARRANTY DEED),0.26,False,NY
16-07864-000,6/14/2006,115000.0,WD(WARRANTY DEED),0.25,True,AR
16-07864-000,12/18/2001,76000.0,WD(WARRANTY DEED),0.25,True,AR
16-07864-000,3/1/1995,2000.0,WD(WARRANTY DEED),0.25,True,AR
16-07864-000,3/1/1995,0.0,QCD(QUITCLAIM DEED),0.25,True,AR
16-07864-000,3/1/1995,0.0,QCD(QUITCLAIM DEED),0.25,True,AR
16-07864-000,6/18/1993,0.0,QCD(QUITCLAIM DEED),0.25,True,AR
16-07864-000,3/9/1993,0.0,RD(REDEMPTION DEED),0.25,True,AR
16-07864-000,3/8/1993,0.0,QCD(QUITCLAIM DEED),0.25,True,AR
16-07864-000,12/5/1992,1000.0,COMMD(COMMISSIONERS DEED),0.25,True,AR
16-07864-000,12/19/1985,0.0,CONT(CONTRACT),0.25,True,AR
16-07864-000,7/22/1975,8000.0,WD(WARRANTY DEED),0.25,True,AR
16-07865-000,2/3/2021,235000.0,WD(WARRANTY DEED),0.27,False,AR
16-07865-000,11/30/2010,0.0,QCD(QUITCLAIM DEED),0.27,False,AR
16-07865-000,11/23/2010,6000.0,SWD(SPECIAL WARRANTY DEED),0.27,False,AR
16-07865-000,11/10/2010,0.0,QCD(QUITCLAIM DEED),0.27,False,AR
16-07865-000,10/7/2010,0.0,CORRWD(CORRECTED WARRANTY DEED),0.27,False,AR
16-07865-000,11/24/2008,0.0,WD(WARRANTY DEED),0.27,False,AR
16-07865-000,1/9/2006,0.0,LTR(LETTER),0.27,False,AR
16-07865-000,1/9/2006,6000.0,WD(WARRANTY DEED),0.27,False,AR
16-07865-000,10/1/2005,0.0,DC(DEATH CERTIFICATE),0.27,False,AR
16-07865-000,7/21/1987,0.0,DC(DEATH CERTIFICATE),0.27,False,AR
16-07865-000,7/21/1981,0.0,DC(DEATH CERTIFICATE),0.27,False,AR
16-07865-000,7/22/1975,0.0,WD(WARRANTY DEED),0.27,False,AR
16-07866-000,2/3/2021,235000.0,WD(WARRANTY DEED),0.27,True,AR
16-07866-000,5/15/2006,99000.0,CORRWD(CORRECTED WARRANTY DEED),0.27,True,AR
16-07866-000,5/8/2006,99000.0,WD(WARRANTY DEED),0.27,True,AR
16-07866-000,5/8/2006,99000.0,WD(WARRANTY DEED),0.27,True,AR
16-07866-000,5/11/1995,63000.0,WD(WARRANTY DEED),0.27,True,AR
16-07866-000,1/30/1992,50000.0,WD(WARRANTY DEED),0.27,True,AR
16-07866-000,8/15/1991,0.0,WD(WARRANTY DEED),0.27,True,AR
16-07866-000,7/20/1989,0.0,DC(DEATH CERTIFICATE),0.27,True,AR
16-07866-000,3/24/1987,50000.0,WD(WARRANTY DEED),0.27,True,AR
16-07866-000,11/14/1975,9000.0,WD(WARRANTY DEED),0.27,True,AR
16-07867-000,2/3/2021,235000.0,WD(WARRANTY DEED),0.27,False,AR
16-07867-000,4/10/2015,3000.0,COMMD(COMMISSIONERS DEED),0.27,False,AR
16-07867-000,10/24/2014,0.0,RD(REDEMPTION DEED),0.27,False,AR
16-07867-000,3/2/2007,20000.0,WD(WARRANTY DEED),0.27,False,AR
16-07867-000,12/14/2005,6000.0,WD(WARRANTY DEED),0.27,False,AR
16-07867-000,11/18/2005,0.0,TRD(TRUSTEES DEED),0.27,False,AR
16-07867-000,4/3/1998,2000.0,WD(WARRANTY DEED),0.27,False,AR
16-07867-000,11/30/1993,0.0,QCD(QUITCLAIM DEED),0.27,False,AR
16-07867-000,2/7/1989,10000.0,WD(WARRANTY DEED),0.27,False,AR
16-07867-000,2/26/1988,0.0,WD(WARRANTY DEED),0.27,False,AR
16-07867-000,11/24/1981,0.0,WD(WARRANTY DEED),0.27,False,AR
16-07868-000,2/7/2019,310000.0,WD(WARRANTY DEED),0.27,True,AR
16-07868-000,1/25/2018,1500.0,WD(WARRANTY DEED),0.27,True,AR
16-07868-000,12/21/2010,1000.0,WD(WARRANTY DEED),0.27,True,AR
16-07868-000,10/18/2010,0.0,RD(REDEMPTION DEED),0.27,True,AR
16-07868-000,9/22/2010,0.0,WD(WARRANTY DEED),0.27,True,AR
16-07868-000,9/1/2004,4000.0,WD(WARRANTY DEED),0.27,True,AR
16-07868-000,2/23/2001,0.0,DC(DEATH CERTIFICATE),0.27,True,AR
16-07868-000,7/11/1997,0.0,POA(POWER OF ATTORNEY),0.27,True,AR
16-07868-000,7/11/1997,0.0,POA(POWER OF ATTORNEY),0.27,True,AR
16-07868-000,7/11/1997,1000.0,WD(WARRANTY DEED),0.27,True,AR
16-07868-000,12/18/1995,7000.0,WD(WARRANTY DEED),0.27,True,AR
16-07868-000,12/20/1982,0.0,CONT(CONTRACT),0.27,True,AR
16-07868-000,11/28/1980,10000.0,WD(WARRANTY DEED),0.27,True,AR
16-07869-000,6/18/2019,10000.0,WD(WARRANTY DEED),0.26,False,AR
16-07869-000,2/25/2008,30000.0,WD(WARRANTY DEED),0.26,False,AR
16-07869-000,4/3/2006,8000.0,WD(WARRANTY DEED),0.26,False,AR
16-07869-000,6/5/1997,0.0,WD(WARRANTY DEED),0.26,False,AR
16-07869-000,1/25/1995,0.0,DC(DEATH CERTIFICATE),0.26,False,AR
16-07869-000,6/10/1987,0.0,CONT(CONTRACT),0.26,False,AR
16-07869-000,1/5/1978,0.0,WD(WARRANTY DEED),0.26,False,AR
16-07870-000,5/23/2003,0.0,QCD(QUITCLAIM DEED),0.26,False,AR
16-07870-000,5/31/2002,0.0,QCD(QUITCLAIM DEED),0.26,False,AR
16-07870-000,3/25/1996,0.0,WD(WARRANTY DEED),0.26,False,AR
16-07870-000,10/1/1986,0.0,WD(WARRANTY DEED),0.26,False,AR
16-07870-000,9/25/1986,0.0,OR(ORDER),0.26,False,AR
16-07870-000,9/14/1982,9000.0,WD(WARRANTY DEED),0.26,False,AR
16-07871-000,1/28/2021,3000.0,WD(WARRANTY DEED),0.25,False,AR
16-07871-000,6/6/2006,6000.0,WD(WARRANTY DEED),0.25,False,AR
16-07871-000,3/6/1985,8000.0,WD(WARRANTY DEED),0.25,False,AR
16-07872-000,12/21/1995,1000.0,CWD(CORPORATION WARRANTY DEED),0.26,False,OK
16-07872-000,12/4/1995,0.0,WD(WARRANTY DEED),0.26,False,OK
16-07872-000,12/2/1986,2000.0,WD(WARRANTY DEED),0.26,False,OK
16-07872-000,6/20/1985,0.0,WD(WARRANTY DEED),0.26,False,OK
16-07872-000,9/13/1983,9000.0,WD(WARRANTY DEED),0.26,False,OK
16-07873-000,2/25/2008,25000.0,WD(WARRANTY DEED),0.27,False,HI
16-07873-000,7/7/2005,4000.0,WD(WARRANTY DEED),0.27,False,HI
16-07873-000,10/4/1999,0.0,RD(REDEMPTION DEED),0.27,False,HI
16-07873-000,2/7/1989,2750.0,WD(WARRANTY DEED),0.27,False,HI
16-07874-000,2/20/2008,17000.0,WD(WARRANTY DEED),0.23,False,HI
16-07874-000,10/27/2005,0.0,CWD(CORPORATION WARRANTY DEED),0.23,False,HI
16-07874-000,5/9/2005,4000.0,WD(WARRANTY DEED),0.23,False,HI
16-07874-000,2/14/1986,0.0,WD(WARRANTY DEED),0.23,False,HI
16-07875-000,10/12/2024,100000.0,WD(WARRANTY DEED),0.25,False,FL
16-07875-000,7/11/2024,98000.0,WD(WARRANTY DEED),0.25,False,FL
16-07875-000,6/10/2022,0.0,QCD(QUITCLAIM DEED),0.25,False,FL
16-07875-000,5/13/2022,210000.0,WD(WARRANTY DEED),0.25,False,FL
16-07875-000,11/19/2018,10000.0,SWD(SPECIAL WARRANTY DEED),0.25,False,FL
16-07875-000,10/30/2018,0.0,LWD(LIMITED WARRANTY DEED),0.25,False,FL
16-07875-000,10/5/2011,0.0,QCD(QUITCLAIM DEED),0.25,False,FL
16-07875-000,10/5/2011,1693333.0,CORRQC(CORRECTED QUIT CLAIM DEED),0.25,False,FL
16-07875-000,11/24/2008,0.0,WD(WARRANTY DEED),0.25,False,FL
16-07875-000,2/2/2005,1000.0,WD(WARRANTY DEED),0.25,False,FL
16-07875-000,1/22/1994,0.0,DC(DEATH CERTIFICATE),0.25,False,FL
16-07875-000,11/14/1983,0.0,WD(WARRANTY DEED),0.25,False,FL
16-07876-000,4/22/2024,7000.0,WD(WARRANTY DEED),0.26,False,AR
16-07876-000,8/10/2016,0.0,QCD(QUITCLAIM DEED),0.26,False,AR
16-07876-000,6/25/2011,0.0,QCD(QUITCLAIM DEED),0.26,False,AR
16-07876-000,1/15/2010,1000.0,SWD(SPECIAL WARRANTY DEED),0.26,False,AR
16-07876-000,5/13/2009,0.0,COMMD(COMMISSIONERS DEED),0.26,False,AR
16-07876-000,2/16/2006,203000.0,WD(WARRANTY DEED),0.26,False,AR
16-07876-000,12/29/2005,5000.0,WD(WARRANTY DEED),0.26,False,AR
16-07876-000,3/8/1989,0.0,RD(REDEMPTION DEED),0.26,False,AR
16-07876-000,2/14/1989,0.0,RD(REDEMPTION DEED),0.26,False,AR
16-07876-000,4/30/1987,0.0,CONT(CONTRACT),0.26,False,AR
16-07876-000,6/5/1984,0.0,CONT(CONTRACT),0.26,False,AR
16-07877-000,4/22/2024,7000.0,WD(WARRANTY DEED),0.24,False,AR
16-07877-000,5/11/2017,18000.0,WD(WARRANTY DEED),0.24,False,AR
16-07877-000,10/5/2011,0.0,QCD(QUITCLAIM DEED),0.24,False,AR
16-07877-000,10/5/2011,1693333.0,CORRQC(CORRECTED QUIT CLAIM DEED),0.24,False,AR
16-07877-000,11/24/2008,0.0,WD(WARRANTY DEED),0.24,False,AR
16-07877-000,3/27/2006,10000.0,WD(WARRANTY DEED),0.24,False,AR
16-07877-000,9/8/1992,0.0,WD(WARRANTY DEED),0.24,False,AR
16-07877-000,9/8/1992,0.0,DC(DEATH CERTIFICATE),0.24,False,AR
16-07877-000,12/13/1983,0.0,WD(WARRANTY DEED),0.24,False,AR
16-07878-000,8/22/2024,8000.0,WD(WARRANTY DEED),0.24,False,AR
16-07878-000,8/8/2024,0.0,QCD(QUITCLAIM DEED),0.24,False,AR
16-07878-000,9/25/2017,1000.0,QCD(QUITCLAIM DEED),0.24,False,AR
16-07878-000,7/13/2017,0.0,LWD(LIMITED WARRANTY DEED),0.24,False,AR
16-07878-000,12/19/2002,0.0,RD(REDEMPTION DEED),0.24,False,AR
16-07878-000,10/12/1998,0.0,RD(REDEMPTION DEED),0.24,False,AR
16-07878-000,12/1/1975,7000.0,WD(WARRANTY DEED),0.24,False,AR
16-07879-000,2/13/2025,17500.0,WD(WARRANTY DEED),0.42,False,AR
16-07879-000,10/19/2021,8000.0,SWD(SPECIAL WARRANTY DEED),0.42,False,AR
16-07879-000,6/14/2021,0.0,RD(REDEMPTION DEED),0.42,False,AR
16-07879-000,6/1/2021,0.0,QCD(QUITCLAIM DEED),0.42,False,AR
16-07879-000,7/10/1979,13000.0,WD(WARRANTY DEED),0.42,False,AR
16-07880-000,11/13/2024,0.0,AFF(AFFIDAVIT),0.6,False,CA
16-07880-000,10/25/2024,180000.0,WD(WARRANTY DEED),0.6,False,CA
16-07880-000,7/14/2021,75000.0,TRWD(TRUSTEES WARRANTY DEED),0.6,False,CA
16-07880-000,7/14/2021,0.0,MEMO(MEMORANDUM),0.6,False,CA
16-07880-000,3/15/2013,0.0,WD(WARRANTY DEED),0.6,False,CA
16-07880-000,3/15/2013,0.0,CERT(CERTIFICATE),0.6,False,CA
16-07880-000,3/22/2005,6000.0,WD(WARRANTY DEED),0.6,False,CA
16-07880-000,3/24/1999,0.0,DC(DEATH CERTIFICATE),0.6,False,CA
16-07880-000,1/24/1984,0.0,WD(WARRANTY DEED),0.6,False,CA
16-07881-000,8/17/2020,373000.0,WD(WARRANTY DEED),0.76,True,AR
16-07881-000,10/1/2004,0.0,DC(DEATH CERTIFICATE),0.76,True,AR
16-07881-000,2/3/2004,0.0,QCD(QUITCLAIM DEED),0.76,True,AR
16-07881-000,10/1/1998,0.0,QCD(QUITCLAIM DEED),0.76,True,AR
16-07881-000,8/31/1992,189000.0,WD(WARRANTY DEED),0.76,True,AR
16-07881-000,6/12/1991,130000.0,WD(WARRANTY DEED),0.76,True,AR
16-07881-000,3/21/1990,0.0,WD(WARRANTY DEED),0.76,True,AR
16-07881-000,2/9/1984,0.0,WD(WARRANTY DEED),0.76,True,AR
16-07881-000,9/2/1983,0.0,WD(WARRANTY DEED),0.76,True,AR
16-07882-000,10/21/2020,0.0,BD(BENEFICIARY DEED),0.63,True,AR
16-07882-000,8/28/2008,352000.0,WD(WARRANTY DEED),0.63,True,AR
16-07882-000,7/3/2003,0.0,WD(WARRANTY DEED),0.63,True,AR
16-07882-000,1/27/2003,0.0,TRD(TRUSTEES DEED),0.63,True,AR
16-07882-000,10/25/1995,0.0,MEMO(MEMORANDUM),0.63,True,AR
16-07882-000,9/24/1993,0.0,QCD(QUITCLAIM DEED),0.63,True,AR
16-07882-000,9/8/1992,18000.0,WD(WARRANTY DEED),0.63,True,AR
16-07882-000,8/7/1990,8000.0,WD(WARRANTY DEED),0.63,True,AR
16-07882-000,6/9/1988,0.0,WD(WARRANTY DEED),0.63,True,AR
16-07882-000,8/5/1986,0.0,DC(DEATH CERTIFICATE),0.63,True,AR
16-07882-000,1/17/1984,0.0,WD(WARRANTY DEED),0.63,True,AR
16-07883-000,8/22/2013,48000.0,WD(WARRANTY DEED),0.7,True,AR
16-07883-000,9/14/1999,30000.0,WD(WARRANTY DEED),0.7,True,AR
16-07883-000,3/22/1984,14000.0,WD(WARRANTY DEED),0.7,True,AR
16-07884-000,5/1/2009,233000.0,WD(WARRANTY DEED),0.82,True,AR
16-07884-000,4/1/1996,16000.0,WD(WARRANTY DEED),0.82,True,AR
16-07884-000,10/13/1982,10000.0,WD(WARRANTY DEED),0.82,True,AR
16-07885-000,6/15/2022,295000.0,WD(WARRANTY DEED),0.71,False,TX
16-07885-000,11/11/2020,122000.0,WD(WARRANTY DEED),0.71,False,TX
16-07885-000,2/19/1997,15000.0,WD(WARRANTY DEED),0.71,False,TX
16-07885-000,2/12/1997,0.0,TRAG(TRUST AGREEMENT),0.71,False,TX
16-07885-000,1/10/1997,0.0,QCD(QUITCLAIM DEED),0.71,False,TX
16-07885-000,6/23/1995,0.0,QCD(QUITCLAIM DEED),0.71,False,TX
16-07885-000,6/15/1994,0.0,AFF(AFFIDAVIT),0.71,False,TX
16-07885-000,7/30/1992,0.0,CONT(CONTRACT),0.71,False,TX
16-07885-000,1/27/1984,0.0,WD(WARRANTY DEED),0.71,False,TX
16-07885-000,12/2/1982,0.0,CONT(CONTRACT),0.71,False,TX
16-07886-000,6/15/2022,295000.0,WD(WARRANTY DEED),0.61,False,TX
16-07886-000,11/11/2020,122000.0,WD(WARRANTY DEED),0.61,False,TX
16-07886-000,5/7/1997,17000.0,WD(WARRANTY DEED),0.61,False,TX
16-07886-000,5/7/1997,11000.0,WD(WARRANTY DEED),0.61,False,TX
16-07886-000,7/19/1984,0.0,WD(WARRANTY DEED),0.61,False,TX
16-07886-000,5/7/1983,0.0,CONT(CONTRACT),0.61,False,TX
16-07887-000,7/30/2019,309000.0,WD(WARRANTY DEED),0.54,True,AR
16-07887-000,5/31/2016,240000.0,WD(WARRANTY DEED),0.54,True,AR
16-07887-000,4/20/1998,0.0,QCD(QUITCLAIM DEED),0.54,True,AR
16-07887-000,3/18/1998,0.0,CERT(CERTIFICATE),0.54,True,AR
16-07887-000,6/21/1996,18000.0,WD(WARRANTY DEED),0.54,True,AR
16-07887-000,8/31/1995,20000.0,WD(WARRANTY DEED),0.54,True,AR
16-07887-000,10/25/1994,20000.0,WD(WARRANTY DEED),0.54,True,AR
16-07887-000,8/14/1991,30000.0,WD(WARRANTY DEED),0.54,True,AR
16-07887-000,5/18/1989,30000.0,WD(WARRANTY DEED),0.54,True,AR
16-07887-000,5/27/1983,14000.0,WD(WARRANTY DEED),0.54,True,AR
16-07888-000,6/9/1998,17000.0,WD(WARRANTY DEED),0.55,True,AR
16-07888-000,6/9/1998,15000.0,WD(WARRANTY DEED),0.55,True,AR
16-07888-000,11/12/1984,0.0,CONT(CONTRACT),0.55,True,AR
16-07888-000,7/24/1984,0.0,CONT(CONTRACT),0.55,True,AR
16-07889-000,6/9/1998,12000.0,WD(WARRANTY DEED),0.61,False,AR
16-07889-000,7/15/1985,0.0,CONT(CONTRACT),0.61,False,AR
16-07889-000,3/18/1985,0.0,CONT(CONTRACT),0.61,False,AR
16-07890-000,4/17/1991,0.0,EXD(EXECUTOR-EXECUTRIX DEED),0.82,False,AR
16-07891-000,11/22/2019,0.0,WD(WARRANTY DEED),0.9,False,AR
16-07891-000,12/31/2003,0.0,WD(WARRANTY DEED),0.9,False,AR
16-07891-000,8/14/2001,6000.0,WD(WARRANTY DEED),0.9,False,AR
16-07891-000,7/20/2001,0.0,WD(WARRANTY DEED),0.9,False,AR
16-07891-000,4/25/1979,14000.0,WD(WARRANTY DEED),0.9,False,AR
16-07892-000,11/22/2019,0.0,WD(WARRANTY DEED),0.79,False,AR
16-07892-000,12/31/2003,0.0,WD(WARRANTY DEED),0.79,False,AR
16-07892-000,5/18/1989,5000.0,WD(WARRANTY DEED),0.79,False,AR
16-07892-000,12/5/1988,8000.0,WD(WARRANTY DEED),0.79,False,AR
16-07892-000,11/5/1987,0.0,WD(WARRANTY DEED),0.79,False,AR
16-07892-000,3/31/1987,0.0,WD(WARRANTY DEED),0.79,False,AR
16-07892-000,12/6/1984,0.0,CONT(CONTRACT),0.79,False,AR
16-07892-000,2/10/1984,0.0,WD(WARRANTY DEED),0.79,False,AR
16-07893-000,9/11/2009,0.0,RD(REDEMPTION DEED),0.79,False,MO
16-07893-000,10/2/2006,0.0,WD(WARRANTY DEED),0.79,False,MO
16-07893-000,10/1/1982,0.0,WD(WARRANTY DEED),0.79,False,MO
16-07894-000,2/13/2023,6500.0,CWD(CORPORATION WARRANTY DEED),0.3,False,AR
16-07894-000,5/11/2011,0.0,AFF(AFFIDAVIT),0.3,False,AR
16-07894-000,5/11/2011,0.0,CORRWD(CORRECTED WARRANTY DEED),0.3,False,AR
16-07894-000,6/16/2005,0.0,WD(WARRANTY DEED),0.3,False,AR
16-07894-000,5/17/1996,0.0,DC(DEATH CERTIFICATE),0.3,False,AR
16-07894-000,1/15/1996,0.0,WD(WARRANTY DEED),0.3,False,AR
16-07894-000,10/26/1982,0.0,WD(WARRANTY DEED),0.3,False,AR
16-07895-000,1/10/2017,0.0,RD(REDEMPTION DEED),0.31,False,NY
16-07895-000,11/7/2006,15000.0,WD(WARRANTY DEED),0.31,False,NY
16-07895-000,9/2/2005,4000.0,CORRWD(CORRECTED WARRANTY DEED),0.31,False,NY
16-07895-000,9/2/2005,4000.0,WD(WARRANTY DEED),0.31,False,NY
16-07895-000,7/10/1992,0.0,WD(WARRANTY DEED),0.31,False,NY
16-07895-000,5/18/1987,2000.0,WD(WARRANTY DEED),0.31,False,NY
16-07895-000,10/8/1984,3000.0,WD(WARRANTY DEED),0.31,False,NY
16-07895-000,11/29/1983,8000.0,WD(WARRANTY DEED),0.31,False,NY
16-07896-000,9/30/2021,2000.0,QCD(QUITCLAIM DEED),0.29,False,AR
16-07896-000,12/5/2013,1000.0,COMMD(COMMISSIONERS DEED),0.29,False,AR
16-07896-000,12/5/2012,0.0,RD(REDEMPTION DEED),0.29,False,AR
16-07896-000,4/21/2000,1000.0,WD(WARRANTY DEED),0.29,False,AR
16-07896-000,4/19/2000,1000.0,WD(WARRANTY DEED),0.29,False,AR
16-07896-000,10/26/1994,7000.0,WD(WARRANTY DEED),0.29,False,AR
16-07896-000,12/22/1982,0.0,CONT(CONTRACT),0.29,False,AR
16-07896-000,11/18/1976,0.0,WD(WARRANTY DEED),0.29,False,AR
16-07899-000,6/30/2014,0.0,QCD(QUITCLAIM DEED),0.34,False,OK
16-07899-000,5/21/2014,0.0,QCD(QUITCLAIM DEED),0.34,False,OK
16-07899-000,3/28/2007,0.0,QCD(QUITCLAIM DEED),0.34,False,OK
16-07899-000,3/5/1990,8000.0,WD(WARRANTY DEED),0.34,False,OK
16-07899-000,5/20/1986,0.0,WD(WARRANTY DEED),0.34,False,OK
16-07899-000,2/3/1984,0.0,WD(WARRANTY DEED),0.34,False,OK
16-07900-000,2/20/2024,8000.0,SWD(SPECIAL WARRANTY DEED),0.26,False,AR
16-07900-000,2/20/2024,8000.0,SWD(SPECIAL WARRANTY DEED),0.26,False,AR
16-07900-000,8/15/2023,0.0,QCD(QUITCLAIM DEED),0.26,False,AR
16-07900-000,10/10/2022,4000.0,QCD(QUITCLAIM DEED),0.26,False,AR
16-07900-000,6/28/2017,1000.0,QCD(QUITCLAIM DEED),0.26,False,AR
16-07900-000,5/18/2017,0.0,LWD(LIMITED WARRANTY DEED),0.26,False,AR
16-07900-000,6/24/1993,1000.0,WD(WARRANTY DEED),0.26,False,AR
16-07900-000,5/24/1993,1000.0,WD(WARRANTY DEED),0.26,False,AR
16-07900-000,9/13/1983,7000.0,WD(WARRANTY DEED),0.26,False,AR
16-07901-000,4/8/2022,11000.0,WD(WARRANTY DEED),0.25,False,AR
16-07901-000,6/16/2011,0.0,CWD(CORPORATION WARRANTY DEED),0.25,False,AR
16-07901-000,7/28/2009,0.0,COMMD(COMMISSIONERS DEED),0.25,False,AR
16-07901-000,4/27/2006,265000.0,WD(WARRANTY DEED),0.25,False,AR
16-07901-000,2/6/2006,6000.0,WD(WARRANTY DEED),0.25,False,AR
16-07901-000,12/29/2003,0.0,RD(REDEMPTION DEED),0.25,False,AR
16-07901-000,7/9/1999,0.0,HIST(HISTORICAL),0.25,False,AR
16-07901-000,4/6/1993,0.0,DC(DEATH CERTIFICATE),0.25,False,AR
16-07901-000,4/9/1990,0.0,QCD(QUITCLAIM DEED),0.25,False,AR
16-07901-000,1/27/1984,0.0,WD(WARRANTY DEED),0.25,False,AR
16-07902-000,4/17/2012,1000.0,SWD(SPECIAL WARRANTY DEED),0.26,False,MO
16-07902-000,3/12/2010,0.0,COMMD(COMMISSIONERS DEED),0.26,False,MO
16-07902-000,8/12/2009,0.0,RD(REDEMPTION DEED),0.26,False,MO
16-07902-000,12/17/2004,0.0,WD(WARRANTY DEED),0.26,False,MO
16-07902-000,11/18/2004,1000.0,WD(WARRANTY DEED),0.26,False,MO
16-07902-000,1/7/1986,0.0,WD(WARRANTY DEED),0.26,False,MO
16-07902-000,8/7/1984,0.0,WD(WARRANTY DEED),0.26,False,MO
16-07903-000,5/27/2021,3000.0,QCD(QUITCLAIM DEED),0.28,False,TX
16-07903-000,12/7/2020,0.0,LWD(LIMITED WARRANTY DEED),0.28,False,TX
16-07903-000,4/2/2013,270333.0,SWD(SPECIAL WARRANTY DEED),0.28,False,TX
16-07903-000,3/27/2013,0.0,LWD(LIMITED WARRANTY DEED),0.28,False,TX
16-07903-000,4/24/1997,1000.0,WD(WARRANTY DEED),0.28,False,TX
16-07903-000,3/8/1984,0.0,WD(WARRANTY DEED),0.28,False,TX
16-07904-000,4/9/2021,0.0,LWD(LIMITED WARRANTY DEED),0.26,False,FL
16-07904-000,5/7/2008,8000.0,WD(WARRANTY DEED),0.26,False,FL
16-07904-000,3/19/2008,2000.0,WD(WARRANTY DEED),0.26,False,FL
16-07904-000,9/15/1983,6000.0,WD(WARRANTY DEED),0.26,False,FL
16-07905-000,3/25/2024,0.0,QCD(QUITCLAIM DEED),0.27,False,AR
16-07905-000,3/25/2024,0.0,QCD(QUITCLAIM DEED),0.27,False,AR
16-07905-000,10/17/2012,0.0,QCD(QUITCLAIM DEED),0.27,False,AR
16-07905-000,4/2/2008,0.0,QCD(QUITCLAIM DEED),0.27,False,AR
16-07905-000,2/2/2007,0.0,DC(DEATH CERTIFICATE),0.27,False,AR
16-07905-000,5/8/2001,1000.0,WD(WARRANTY DEED),0.27,False,AR
16-07905-000,3/13/2000,0.0,RD(REDEMPTION DEED),0.27,False,AR
16-07905-000,8/1/1978,0.0,WD(WARRANTY DEED),0.27,False,AR
16-07906-000,1/3/2025,10000.0,WD(WARRANTY DEED),0.26,False,AR
16-07906-000,10/5/1982,5000.0,WD(WARRANTY DEED),0.26,False,AR
16-07907-000,1/3/2025,0.0,QCD(QUITCLAIM DEED),0.21,False,AR
16-07907-000,11/7/2024,0.0,QCD(QUITCLAIM DEED),0.21,False,AR
16-07907-000,10/5/2021,0.0,LWD(LIMITED WARRANTY DEED),0.21,False,AR
16-07907-000,6/7/2002,1000.0,WD(WARRANTY DEED),0.21,False,AR
16-07907-000,3/15/2002,1000.0,QCD(QUITCLAIM DEED),0.21,False,AR
16-07907-000,11/17/1981,8000.0,WD(WARRANTY DEED),0.21,False,AR
16-07908-000,2/1/2021,1000.0,AFF(AFFIDAVIT),0.3,False,AR
16-07908-000,1/30/2020,0.0,WD(WARRANTY DEED),0.3,False,AR
16-07908-000,10/25/2016,0.0,QCD(QUITCLAIM DEED),0.3,False,AR
16-07908-000,12/8/1981,0.0,WD(WARRANTY DEED),0.3,False,AR
16-07909-000,3/22/2024,545000.0,WD(WARRANTY DEED),0.27,True,AR
16-07909-000,11/8/2023,0.0,WD(WARRANTY DEED),0.27,True,AR
16-07909-000,11/7/2019,370000.0,WD(WARRANTY DEED),0.27,True,AR
16-07909-000,2/26/2016,0.0,POA(POWER OF ATTORNEY),0.27,True,AR
16-07909-000,5/6/2005,3000.0,WD(WARRANTY DEED),0.27,True,AR
16-07909-000,12/6/1974,7000.0,WD(WARRANTY DEED),0.27,True,AR
16-07910-000,2/22/2022,245000.0,WD(WARRANTY DEED),0.25,True,AR
16-07910-000,6/9/2021,0.0,POA(POWER OF ATTORNEY),0.25,True,AR
16-07910-000,10/9/2015,0.0,WD(WARRANTY DEED),0.25,True,AR
16-07910-000,2/27/2015,112000.0,WD(WARRANTY DEED),0.25,True,AR
16-07910-000,2/27/2015,112000.0,CORRWD(CORRECTED WARRANTY DEED),0.25,True,AR
16-07910-000,1/23/2015,105000.0,WD(WARRANTY DEED),0.25,True,AR
16-07910-000,8/10/2012,72000.0,SWD(SPECIAL WARRANTY DEED),0.25,True,AR
16-07910-000,3/15/2012,0.0,WD(WARRANTY DEED),0.25,True,AR
16-07910-000,9/24/2004,0.0,QCD(QUITCLAIM DEED),0.25,True,AR
16-07910-000,9/24/2004,8000.0,WD(WARRANTY DEED),0.25,True,AR
16-07910-000,8/4/2003,0.0,RD(REDEMPTION DEED),0.25,True,AR
16-07910-000,6/20/2003,0.0,CERT(CERTIFICATE),0.25,True,AR
16-07910-000,6/20/2003,1000.0,COMMD(COMMISSIONERS DEED),0.25,True,AR
16-07910-000,6/20/2003,0.0,CERT(CERTIFICATE),0.25,True,AR
16-07910-000,6/20/2003,1000.0,COMMD(COMMISSIONERS DEED),0.25,True,AR
16-07910-000,12/19/2000,0.0,HIST(HISTORICAL),0.25,True,AR
16-07910-000,1/3/1978,0.0,CWD(CORPORATION WARRANTY DEED),0.25,True,AR
16-07910-001,3/22/2024,545000.0,WD(WARRANTY DEED),0.26,True,AR
16-07910-001,11/8/2023,0.0,WD(WARRANTY DEED),0.26,True,AR
16-07910-001,11/7/2019,370000.0,WD(WARRANTY DEED),0.26,True,AR
16-07910-001,2/26/2016,0.0,POA(POWER OF ATTORNEY),0.26,True,AR
16-07910-001,9/23/2004,0.0,QCD(QUITCLAIM DEED),0.26,True,AR
16-07910-001,9/23/2004,8000.0,WD(WARRANTY DEED),0.26,True,AR
16-07911-000,5/25/2011,19000.0,WD(WARRANTY DEED),0.24,False,FL
16-07911-000,11/24/2008,0.0,WD(WARRANTY DEED),0.24,False,FL
16-07911-000,12/27/2005,11000.0,WD(WARRANTY DEED),0.24,False,FL
16-07911-000,4/22/2005,0.0,QCD(QUITCLAIM DEED),0.24,False,FL
16-07911-000,6/27/2000,0.0,RD(REDEMPTION DEED),0.24,False,FL
16-07911-000,1/18/1991,2000.0,WD(WARRANTY DEED),0.24,False,FL
16-07911-000,12/7/1989,22000.0,SWD(SPECIAL WARRANTY DEED),0.24,False,FL
16-07911-000,6/5/1987,0.0,COMMD(COMMISSIONERS DEED),0.24,False,FL
16-07911-000,5/31/1984,7000.0,WD(WARRANTY DEED),0.24,False,FL
16-07912-000,12/18/2024,12000.0,WD(WARRANTY DEED),0.25,False,NE
16-07912-000,7/27/2021,6300.0,WD(WARRANTY DEED),0.25,False,NE
16-07912-000,9/15/2020,0.0,RD(REDEMPTION DEED),0.25,False,NE
16-07912-000,1/12/2016,0.0,WD(WARRANTY DEED),0.25,False,NE
16-07912-000,11/18/2015,46000.0,CORRWD(CORRECTED WARRANTY DEED),0.25,False,NE
16-07912-000,11/18/2015,0.0,WD(WARRANTY DEED),0.25,False,NE
16-07912-000,11/29/2010,0.0,WD(WARRANTY DEED),0.25,False,NE
16-07912-000,8/1/2006,0.0,CORRWD(CORRECTED WARRANTY DEED),0.25,False,NE
16-07912-000,5/9/2006,0.0,WD(WARRANTY DEED),0.25,False,NE
16-07912-000,2/24/2006,731000.0,WD(WARRANTY DEED),0.25,False,NE
16-07912-000,1/27/2006,0.0,WD(WARRANTY DEED),0.25,False,NE
16-07912-000,1/27/2006,7000.0,WD(WARRANTY DEED),0.25,False,NE
16-07912-000,5/10/2001,0.0,WD(WARRANTY DEED),0.25,False,NE
16-07912-000,5/10/2001,0.0,MEMO(MEMORANDUM),0.25,False,NE
16-07912-000,7/7/1998,0.0,DC(DEATH CERTIFICATE),0.25,False,NE
16-07912-000,6/21/1990,4000.0,WD(WARRANTY DEED),0.25,False,NE
16-07912-000,5/8/1990,0.0,CONT(CONTRACT),0.25,False,NE
16-07912-000,7/22/1980,7000.0,WD(WARRANTY DEED),0.25,False,NE
16-07913-000,12/19/2024,11000.0,TRWD(TRUSTEES WARRANTY DEED),0.23,False,NE
16-07913-000,1/8/2010,0.0,QCD(QUITCLAIM DEED),0.23,False,NE
16-07913-000,7/10/1991,0.0,DEED(GRANT DEED),0.23,False,NE
16-07913-000,5/21/1980,0.0,AFF(AFFIDAVIT),0.23,False,NE
16-07914-000,4/15/2022,7000.0,WD(WARRANTY DEED),0.24,False,AR
16-07914-000,3/23/2021,0.0,LWD(LIMITED WARRANTY DEED),0.24,False,AR
16-07914-000,4/1/2013,39000.0,SWD(SPECIAL WARRANTY DEED),0.24,False,AR
16-07914-000,3/27/2013,0.0,COMMD(COMMISSIONERS DEED),0.24,False,AR
16-07914-000,7/19/2012,1000.0,COMMD(COMMISSIONERS DEED),0.24,False,AR
16-07914-000,11/10/2010,0.0,QCD(QUITCLAIM DEED),0.24,False,AR
16-07914-000,11/24/2008,0.0,WD(WARRANTY DEED),0.24,False,AR
16-07914-000,10/5/2005,6000.0,WD(WARRANTY DEED),0.24,False,AR
16-07914-000,9/27/1983,0.0,WD(WARRANTY DEED),0.24,False,AR
16-07915-000,5/25/2021,5000.0,WD(WARRANTY DEED),0.23,False,AR
16-07915-000,7/29/2020,0.0,BD(BENEFICIARY DEED),0.23,False,AR
16-07915-000,8/28/2003,0.0,RD(REDEMPTION DEED),0.23,False,AR
16-07915-000,6/20/2003,1000.0,COMMD(COMMISSIONERS DEED),0.23,False,AR
16-07915-000,3/1/1984,0.0,WD(WARRANTY DEED),0.23,False,AR
16-07915-000,4/23/1981,0.0,QCD(QUITCLAIM DEED),0.23,False,AR
16-07916-000,2/14/2022,2500.0,WD(WARRANTY DEED),0.25,False,AR
16-07916-000,2/9/2022,612.0,WD(WARRANTY DEED),0.25,False,AR
16-07916-000,6/16/2015,0.0,WD(WARRANTY DEED),0.25,False,AR
16-07916-000,12/10/2007,0.0,CORRQC(CORRECTED QUIT CLAIM DEED),0.25,False,AR
16-07916-000,5/17/2007,0.0,QCD(QUITCLAIM DEED),0.25,False,AR
16-07916-000,5/17/2007,0.0,QCD(QUITCLAIM DEED),0.25,False,AR
16-07916-000,5/8/1997,1000.0,WD(WARRANTY DEED),0.25,False,AR
16-07916-000,7/18/1994,0.0,WD(WARRANTY DEED),0.25,False,AR
16-07916-000,6/5/1991,2000.0,WD(WARRANTY DEED),0.25,False,AR
16-07916-000,1/21/1988,0.0,WD(WARRANTY DEED),0.25,False,AR
16-07916-000,11/30/1976,0.0,WD(WARRANTY DEED),0.25,False,AR
16-07917-000,5/25/2021,4000.0,TRWD(TRUSTEES WARRANTY DEED),0.23,False,AR
16-07917-000,3/1/2021,0.0,CERT(CERTIFICATE),0.23,False,AR
16-07917-000,7/18/2013,0.0,QCD(QUITCLAIM DEED),0.23,False,AR
16-07917-000,6/28/2013,0.0,QCD(QUITCLAIM DEED),0.23,False,AR
16-07917-000,12/17/1998,1000.0,QCD(QUITCLAIM DEED),0.23,False,AR
16-07917-000,3/25/1980,0.0,WD(WARRANTY DEED),0.23,False,AR
16-07918-000,1/9/2006,0.0,QCD(QUITCLAIM DEED),0.22,False,AR
16-07918-000,8/7/1997,1000.0,WD(WARRANTY DEED),0.22,False,AR
16-07918-000,8/13/1990,2000.0,EXD(EXECUTOR-EXECUTRIX DEED),0.22,False,AR
16-07918-000,6/19/1978,0.0,WD(WARRANTY DEED),0.22,False,AR
16-07919-000,7/3/2014,0.0,QCD(QUITCLAIM DEED),0.27,True,AR
16-07919-000,11/8/1999,74000.0,WD(WARRANTY DEED),0.27,True,AR
16-07919-000,5/1/1996,0.0,QCD(QUITCLAIM DEED),0.27,True,AR
16-07919-000,6/22/1983,88000.0,WD(WARRANTY DEED),0.27,True,AR
16-07920-000,1/11/2022,2000.0,WD(WARRANTY DEED),0.24,False,AR
16-07920-000,12/21/2021,1000.0,WD(WARRANTY DEED),0.24,False,AR
16-07920-000,12/9/2019,0.0,RD(REDEMPTION DEED),0.24,False,AR
16-07920-000,3/29/2007,0.0,QCD(QUITCLAIM DEED),0.24,False,AR
16-07920-000,9/15/2000,0.0,RD(REDEMPTION DEED),0.24,False,AR
16-07920-000,7/6/1999,0.0,QCD(QUITCLAIM DEED),0.24,False,AR
16-07920-000,6/10/1999,0.0,QCD(QUITCLAIM DEED),0.24,False,AR
16-07920-000,5/2/1984,0.0,ML(MARRIAGE LICENSE),0.24,False,AR
16-07920-000,3/8/1984,8000.0,WD(WARRANTY DEED),0.24,False,AR
16-07921-000,10/10/1996,0.0,RD(REDEMPTION DEED),0.23,False,OR
16-07921-000,9/6/1991,0.0,RD(REDEMPTION DEED),0.23,False,OR
16-07921-000,11/11/1976,7000.0,WD(WARRANTY DEED),0.23,False,OR
16-07922-000,12/8/2006,20000.0,WD(WARRANTY DEED),0.24,False,MI
16-07922-000,11/21/2005,7000.0,WD(WARRANTY DEED),0.24,False,MI
16-07922-000,8/12/2005,1000.0,WD(WARRANTY DEED),0.24,False,MI
16-07922-000,2/7/1995,0.0,CORRWD(CORRECTED WARRANTY DEED),0.24,False,MI
16-07922-000,12/16/1994,0.0,WD(WARRANTY DEED),0.24,False,MI
16-07922-000,9/30/1993,1000.0,WD(WARRANTY DEED),0.24,False,MI
16-07922-000,9/30/1993,1000.0,WD(WARRANTY DEED),0.24,False,MI
16-07922-000,10/15/1984,0.0,CONT(CONTRACT),0.24,False,MI
16-07923-000,4/15/2022,6000.0,TRD(TRUSTEES DEED),0.21,False,AR
16-07923-000,9/30/2020,0.0,WD(WARRANTY DEED),0.21,False,AR
16-07923-000,9/30/2020,0.0,MEMO(MEMORANDUM),0.21,False,AR
16-07923-000,4/20/2018,0.0,QCD(QUITCLAIM DEED),0.21,False,AR
16-07923-000,5/28/2009,0.0,RD(REDEMPTION DEED),0.21,False,AR
16-07923-000,8/6/2007,0.0,CERT(CERTIFICATE),0.21,False,AR
16-07923-000,5/27/1999,0.0,CORRWD(CORRECTED WARRANTY DEED),0.21,False,AR
16-07923-000,5/4/1987,0.0,WD(WARRANTY DEED),0.21,False,AR
16-07923-000,12/10/1976,7000.0,WD(WARRANTY DEED),0.21,False,AR
16-07924-000,6/15/2018,3495.0,WD(WARRANTY DEED),0.22,False,AR
16-07924-000,11/14/2016,0.0,QCD(QUITCLAIM DEED),0.22,False,AR
16-07924-000,10/26/2016,0.0,BD(BENEFICIARY DEED),0.22,False,AR
16-07924-000,10/26/2016,0.0,QCD(QUITCLAIM DEED),0.22,False,AR
16-07924-000,12/29/1992,1000.0,WD(WARRANTY DEED),0.22,False,AR
16-07924-000,11/24/1992,1000.0,WD(WARRANTY DEED),0.22,False,AR
16-07924-000,1/23/1989,10000.0,WD(WARRANTY DEED),0.22,False,AR
16-07924-000,5/7/1979,0.0,HIST(HISTORICAL),0.22,False,AR
16-07925-000,6/15/1999,1000.0,WD(WARRANTY DEED),0.22,False,AR
16-07925-000,9/16/1986,2000.0,WD(WARRANTY DEED),0.22,False,AR
16-07925-000,1/28/1981,0.0,WD(WARRANTY DEED),0.22,False,AR
16-07926-000,1/30/2024,0.0,QCD(QUITCLAIM DEED),0.25,False,AR
16-07926-000,8/2/2023,7500.0,WD(WARRANTY DEED),0.25,False,AR
16-07926-000,2/12/2021,0.0,RD(REDEMPTION DEED),0.25,False,AR
16-07926-000,8/20/2009,0.0,QCD(QUITCLAIM DEED),0.25,False,AR
16-07926-000,11/24/2008,0.0,WD(WARRANTY DEED),0.25,False,AR
16-07926-000,7/25/2005,0.0,RD(REDEMPTION DEED),0.25,False,AR
16-07926-000,6/29/2005,1000.0,WD(WARRANTY DEED),0.25,False,AR
16-07926-000,9/4/1998,0.0,RD(REDEMPTION DEED),0.25,False,AR
16-07926-000,8/6/1998,8000.0,WD(WARRANTY DEED),0.25,False,AR
16-07926-000,7/7/1983,0.0,CONT(CONTRACT),0.25,False,AR
16-07926-000,4/9/1981,0.0,CORRSWD(CORRECT SPECIAL WARRANTY DEED),0.25,False,AR
16-07927-000,12/30/1992,0.0,CORRWD(CORRECTED WARRANTY DEED),0.24,False,AR
16-07927-000,12/11/1992,1000.0,WD(WARRANTY DEED),0.24,False,AR
16-07927-000,12/11/1992,1000.0,WD(WARRANTY DEED),0.24,False,AR
16-07927-000,11/19/1992,0.0,WD(WARRANTY DEED),0.24,False,AR
16-07927-000,7/17/1987,2000.0,WD(WARRANTY DEED),0.24,False,AR
16-07927-000,6/17/1987,0.0,WD(WARRANTY DEED),0.24,False,AR
16-07927-000,8/16/1985,0.0,OTHER(OTHER DOCUMENT),0.24,False,AR
16-07928-000,10/17/1980,0.0,QCD(QUITCLAIM DEED),0.26,False,AR
16-07929-000,1/10/2023,484000.0,CWD(CORPORATION WARRANTY DEED),0.26,False,AR
16-07929-000,1/30/2020,7500.0,WD(WARRANTY DEED),0.26,False,AR
16-07929-000,10/18/2010,0.0,RD(REDEMPTION DEED),0.26,False,AR
16-07929-000,9/22/2010,6000.0,WD(WARRANTY DEED),0.26,False,AR
16-07929-000,8/20/2004,5000.0,WD(WARRANTY DEED),0.26,False,AR
16-07929-000,2/18/2004,0.0,QCD(QUITCLAIM DEED),0.26,False,AR
16-07929-000,10/15/2002,5000.0,WD(WARRANTY DEED),0.26,False,AR
16-07929-000,7/18/1996,3000.0,WD(WARRANTY DEED),0.26,False,AR
16-07929-000,12/17/1992,0.0,WD(WARRANTY DEED),0.26,False,AR
16-07929-000,8/20/1992,0.0,WD(WARRANTY DEED),0.26,False,AR
16-07929-000,5/2/1986,7000.0,WD(WARRANTY DEED),0.26,False,AR
16-07930-000,1/10/2023,484000.0,CWD(CORPORATION WARRANTY DEED),0.26,True,AR
16-07930-000,1/30/2020,7500.0,WD(WARRANTY DEED),0.26,True,AR
16-07930-000,10/19/2010,0.0,RD(REDEMPTION DEED),0.26,True,AR
16-07930-000,9/22/2010,0.0,WD(WARRANTY DEED),0.26,True,AR
16-07930-000,8/20/2004,5000.0,WD(WARRANTY DEED),0.26,True,AR
16-07930-000,2/18/2004,0.0,QCD(QUITCLAIM DEED),0.26,True,AR
16-07930-000,10/15/2002,5000.0,WD(WARRANTY DEED),0.26,True,AR
16-07930-000,6/10/1996,4000.0,WD(WARRANTY DEED),0.26,True,AR
16-07930-000,6/6/1994,0.0,QCD(QUITCLAIM DEED),0.26,True,AR
16-07930-000,7/20/1992,3000.0,WD(WARRANTY DEED),0.26,True,AR
16-07930-000,12/7/1987,0.0,QCD(QUITCLAIM DEED),0.26,True,AR
16-07930-000,12/1/1976,7000.0,WD(WARRANTY DEED),0.26,True,AR
16-07931-000,2/29/1996,85000.0,WD(WARRANTY DEED),0.26,True,AR
16-07931-000,6/6/1994,108000.0,WD(WARRANTY DEED),0.26,True,AR
16-07931-000,5/24/1991,87000.0,WD(WARRANTY DEED),0.26,True,AR
16-07931-000,1/18/1983,0.0,WD(WARRANTY DEED),0.26,True,AR
16-07932-000,6/26/2007,165000.0,WD(WARRANTY DEED),0.27,True,AR
16-07932-000,9/30/2005,8000.0,WD(WARRANTY DEED),0.27,True,AR
16-07932-000,9/19/2005,0.0,FD(FIDUCIARY DEED),0.27,True,AR
16-07932-000,7/7/2005,0.0,DC(DEATH CERTIFICATE),0.27,True,AR
16-07932-000,2/8/2002,0.0,DC(DEATH CERTIFICATE),0.27,True,AR
16-07932-000,2/8/2002,0.0,DC(DEATH CERTIFICATE),0.27,True,AR
16-07932-000,3/22/1999,0.0,RD(REDEMPTION DEED),0.27,True,AR
16-07932-000,7/6/1993,0.0,DC(DEATH CERTIFICATE),0.27,True,AR
16-07932-000,1/7/1985,7000.0,WD(WARRANTY DEED),0.27,True,AR
16-07932-000,1/1/1800,0.0,HIST(HISTORICAL),0.27,True,AR
16-07933-000,8/1/2007,138000.0,WD(WARRANTY DEED),0.29,True,AR
16-07933-000,4/3/2007,17000.0,WD(WARRANTY DEED),0.29,True,AR
16-07933-000,1/16/2007,8000.0,WD(WARRANTY DEED),0.29,True,AR
16-07933-000,1/3/2007,5000.0,WD(WARRANTY DEED),0.29,True,AR
16-07933-000,7/26/2005,0.0,DC(DEATH CERTIFICATE),0.29,True,AR
16-07933-000,7/26/2005,4000.0,WD(WARRANTY DEED),0.29,True,AR
16-07933-000,6/1/1993,0.0,WD(WARRANTY DEED),0.29,True,AR
16-07934-000,5/30/2025,0.0,BD(BENEFICIARY DEED),0.23,False,AR
16-07934-000,5/30/2025,0.0,QCD(QUITCLAIM DEED),0.23,False,AR
16-07934-000,7/31/2019,2000.0,SWD(SPECIAL WARRANTY DEED),0.23,False,AR
16-07934-000,5/29/2015,0.0,COMMD(COMMISSIONERS DEED),0.23,False,AR
16-07934-000,1/29/2015,0.0,RD(REDEMPTION DEED),0.23,False,AR
16-07934-000,7/3/1975,0.0,WD(WARRANTY DEED),0.23,False,AR
16-07935-000,12/18/2024,9000.0,WD(WARRANTY DEED),0.25,False,
16-07935-000,8/1/2023,5000.0,WD(WARRANTY DEED),0.25,False,
16-07935-000,3/2/2022,0.0,WD(WARRANTY DEED),0.25,False,
16-07935-000,12/26/2021,0.0,OTHER(OTHER DOCUMENT),0.25,False,
16-07935-000,9/30/1975,7000.0,WD(WARRANTY DEED),0.25,False,
16-07936-000,7/7/2023,6000.0,COMMD(COMMISSIONERS DEED),0.26,False,MO
16-07936-000,6/28/2012,0.0,WD(WARRANTY DEED),0.26,False,MO
16-07936-000,1/22/2009,0.0,RD(REDEMPTION DEED),0.26,False,MO
16-07936-000,8/21/2008,1000.0,WD(WARRANTY DEED),0.26,False,MO
16-07936-000,9/7/2007,3000.0,WD(WARRANTY DEED),0.26,False,MO
16-07936-000,4/4/2006,0.0,LTR(LETTER),0.26,False,MO
16-07936-000,2/25/2005,0.0,WD(WARRANTY DEED),0.26,False,MO
16-07936-000,4/23/1998,7000.0,WD(WARRANTY DEED),0.26,False,MO
16-07936-000,8/17/1989,0.0,RD(REDEMPTION DEED),0.26,False,MO
16-07936-000,10/5/1982,6000.0,WD(WARRANTY DEED),0.26,False,MO
16-07937-000,6/20/2023,5300.0,SWD(SPECIAL WARRANTY DEED),0.28,False,MO
16-07937-000,2/8/2023,1000.0,QCD(QUITCLAIM DEED),0.28,False,MO
16-07937-000,7/21/2021,2000.0,QCD(QUITCLAIM DEED),0.28,False,MO
16-07937-000,3/18/2021,0.0,LWD(LIMITED WARRANTY DEED),0.28,False,MO
16-07937-000,8/28/2009,1451000.0,QCD(QUITCLAIM DEED),0.28,False,MO
16-07937-000,8/21/2009,402000.0,DEED(GRANT DEED),0.28,False,MO
16-07937-000,11/24/2008,0.0,DEED(GRANT DEED),0.28,False,MO
16-07937-000,9/20/2005,7000.0,WD(WARRANTY DEED),0.28,False,MO
16-07937-000,2/7/1989,7000.0,WD(WARRANTY DEED),0.28,False,MO
16-07937-000,9/23/1985,0.0,WD(WARRANTY DEED),0.28,False,MO
16-07937-000,1/4/1984,0.0,WD(WARRANTY DEED),0.28,False,MO
16-07938-000,4/9/2020,1000.0,QCD(QUITCLAIM DEED),0.3,False,FL
16-07938-000,9/23/2019,0.0,QCD(QUITCLAIM DEED),0.3,False,FL
16-07938-000,5/9/2019,0.0,LWD(LIMITED WARRANTY DEED),0.3,False,FL
16-07938-000,10/5/2011,0.0,QCD(QUITCLAIM DEED),0.3,False,FL
16-07938-000,10/5/2011,1693333.0,CORRQC(CORRECTED QUIT CLAIM DEED),0.3,False,FL
16-07938-000,11/24/2008,0.0,WD(WARRANTY DEED),0.3,False,FL
16-07938-000,3/21/2006,9000.0,WD(WARRANTY DEED),0.3,False,FL
16-07938-000,6/14/1999,2000.0,WD(WARRANTY DEED),0.3,False,FL
16-07938-000,8/2/1990,0.0,RD(REDEMPTION DEED),0.3,False,FL
16-07938-000,6/25/1990,0.0,RD(REDEMPTION DEED),0.3,False,FL
16-07938-000,5/15/1990,2000.0,COMMD(COMMISSIONERS DEED),0.3,False,FL
16-07938-000,5/10/1984,0.0,WD(WARRANTY DEED),0.3,False,FL
16-07939-000,9/21/2021,0.0,RD(REDEMPTION DEED),0.3,False,MN
16-07939-000,9/10/2020,817.0,SWD(SPECIAL WARRANTY DEED),0.3,False,MN
16-07939-000,7/23/2019,1000.0,QCD(QUITCLAIM DEED),0.3,False,MN
16-07939-000,5/9/2019,0.0,LWD(LIMITED WARRANTY DEED),0.3,False,MN
16-07939-000,10/5/2011,0.0,QCD(QUITCLAIM DEED),0.3,False,MN
16-07939-000,10/5/2011,1693333.0,CORRQC(CORRECTED QUIT CLAIM DEED),0.3,False,MN
16-07939-000,11/24/2008,0.0,WD(WARRANTY DEED),0.3,False,MN
16-07939-000,3/22/2006,9000.0,WD(WARRANTY DEED),0.3,False,MN
16-07939-000,11/13/2003,1000.0,QCD(QUITCLAIM DEED),0.3,False,MN
16-07939-000,4/27/1993,1000.0,WD(WARRANTY DEED),0.3,False,MN
16-07939-000,10/27/1992,1000.0,WD(WARRANTY DEED),0.3,False,MN
16-07939-000,10/13/1992,5000.0,WD(WARRANTY DEED),0.3,False,MN
16-07939-000,9/18/1984,6000.0,WD(WARRANTY DEED),0.3,False,MN
16-07940-000,5/25/2017,0.0,RD(REDEMPTION DEED),0.3,False,AR
16-07940-000,12/18/2009,0.0,RD(REDEMPTION DEED),0.3,False,AR
16-07940-000,2/28/2005,1000.0,WD(WARRANTY DEED),0.3,False,AR
16-07940-000,9/3/2004,0.0,RD(REDEMPTION DEED),0.3,False,AR
16-07940-000,6/18/2004,1000.0,COMMD(COMMISSIONERS DEED),0.3,False,AR
16-07940-000,11/5/2001,0.0,RD(REDEMPTION DEED),0.3,False,AR
16-07940-000,1/10/1996,2000.0,WD(WARRANTY DEED),0.3,False,AR
16-07940-000,6/27/1995,0.0,WD(WARRANTY DEED),0.3,False,AR
16-07940-000,11/13/1991,6000.0,WD(WARRANTY DEED),0.3,False,AR
16-07940-000,8/27/1990,2000.0,WD(WARRANTY DEED),0.3,False,AR
16-07940-000,11/18/1983,6000.0,WD(WARRANTY DEED),0.3,False,AR
16-07940-001,6/11/2013,0.0,QCD(QUITCLAIM DEED),0.29,False,AR
16-07940-001,8/9/1989,2000.0,WD(WARRANTY DEED),0.29,False,AR
16-07940-001,10/26/1984,0.0,WD(WARRANTY DEED),0.29,False,AR
16-07940-002,4/4/2019,1000.0,SWD(SPECIAL WARRANTY DEED),0.29,False,AR
16-07940-002,11/19/2010,0.0,COMMD(COMMISSIONERS DEED),0.29,False,AR
16-07940-002,10/8/2010,0.0,RD(REDEMPTION DEED),0.29,False,AR
16-07940-002,7/6/1999,1000.0,WD(WARRANTY DEED),0.29,False,AR
16-07940-002,10/6/1993,0.0,QCD(QUITCLAIM DEED),0.29,False,AR
16-07940-002,1/6/1984,0.0,WD(WARRANTY DEED),0.29,False,AR
16-07941-000,1/25/2024,0.0,BD(BENEFICIARY DEED),0.26,False,AR
16-07941-000,5/9/2023,3800.0,WD(WARRANTY DEED),0.26,False,AR
16-07941-000,11/19/2021,3000.0,COMMD(COMMISSIONERS DEED),0.26,False,AR
16-07941-000,9/2/2021,0.0,RD(REDEMPTION DEED),0.26,False,AR
16-07941-000,2/15/2006,6000.0,WD(WARRANTY DEED),0.26,False,AR
16-07941-000,11/19/1992,0.0,RD(REDEMPTION DEED),0.26,False,AR
16-07941-000,12/16/1989,4500.0,WD(WARRANTY DEED),0.26,False,AR
16-07941-000,10/16/1986,7000.0,WD(WARRANTY DEED),0.26,False,AR
16-07941-000,4/22/1977,0.0,WD(WARRANTY DEED),0.26,False,AR
16-07942-000,6/17/2013,8200.0,WD(WARRANTY DEED),0.28,False,UT
16-07942-000,7/11/2011,7494.0,WD(WARRANTY DEED),0.28,False,UT
16-07942-000,5/2/2011,0.0,WD(WARRANTY DEED),0.28,False,UT
16-07942-000,1/2/2011,0.0,WD(WARRANTY DEED),0.28,False,UT
16-07942-000,8/18/2005,2000.0,WD(WARRANTY DEED),0.28,False,UT
16-07942-000,7/17/1989,0.0,WD(WARRANTY DEED),0.28,False,UT
16-07942-000,1/7/1987,5000.0,WD(WARRANTY DEED),0.28,False,UT
16-07943-000,5/12/2011,19000.0,WD(WARRANTY DEED),0.27,False,OK
16-07943-000,11/24/2008,0.0,WD(WARRANTY DEED),0.27,False,OK
16-07943-000,4/3/2006,8000.0,WD(WARRANTY DEED),0.27,False,OK
16-07943-000,10/1/1996,1000.0,CWD(CORPORATION WARRANTY DEED),0.27,False,OK
16-07943-000,10/1/1996,1000.0,WD(WARRANTY DEED),0.27,False,OK
16-07943-000,5/14/1982,0.0,WD(WARRANTY DEED),0.27,False,OK
16-07944-000,4/19/2024,46000.0,WD(WARRANTY DEED),0.26,False,FL
16-07944-000,4/10/2024,32000.0,WD(WARRANTY DEED),0.26,False,FL
16-07944-000,3/23/2021,0.0,LWD(LIMITED WARRANTY DEED),0.26,False,FL
16-07944-000,8/1/2013,1000.0,COMMD(COMMISSIONERS DEED),0.26,False,FL
16-07944-000,6/24/2013,218000.0,SWD(SPECIAL WARRANTY DEED),0.26,False,FL
16-07944-000,12/13/2012,0.0,RD(REDEMPTION DEED),0.26,False,FL
16-07944-000,2/18/2005,1000.0,WD(WARRANTY DEED),0.26,False,FL
16-07944-000,9/5/2003,0.0,DC(DEATH CERTIFICATE),0.26,False,FL
16-07944-000,8/15/1994,0.0,TRAG(TRUST AGREEMENT),0.26,False,FL
16-07944-000,8/4/1994,0.0,QCD(QUITCLAIM DEED),0.26,False,FL
16-07944-000,3/21/1989,0.0,TRAG(TRUST AGREEMENT),0.26,False,FL
16-07944-000,3/28/1978,0.0,WD(WARRANTY DEED),0.26,False,FL
16-07945-000,7/9/2007,40000.0,WD(WARRANTY DEED),0.29,False,ID
16-07945-000,12/14/2005,7000.0,WD(WARRANTY DEED),0.29,False,ID
16-07945-000,8/1/1995,0.0,OTHER(OTHER DOCUMENT),0.29,False,ID
16-07945-000,4/6/1995,0.0,OTHER(OTHER DOCUMENT),0.29,False,ID
16-07945-000,9/14/1994,0.0,WILL(WILL),0.29,False,ID
16-07945-000,9/12/1994,0.0,WILL(WILL),0.29,False,ID
16-07945-000,8/3/1994,0.0,CONT(CONTRACT),0.29,False,ID
16-07945-000,7/23/1989,0.0,CONT(CONTRACT),0.29,False,ID
16-07945-000,5/18/1978,8000.0,WD(WARRANTY DEED),0.29,False,ID
16-07946-000,4/4/2023,9000.0,WD(WARRANTY DEED),0.34,False,MT
16-07946-000,3/23/2021,0.0,LWD(LIMITED WARRANTY DEED),0.34,False,MT
16-07946-000,9/18/2013,0.0,RD(REDEMPTION DEED),0.34,False,MT
16-07946-000,11/29/2007,17000.0,WD(WARRANTY DEED),0.34,False,MT
16-07946-000,11/7/2005,6000.0,WD(WARRANTY DEED),0.34,False,MT
16-07946-000,9/12/2003,0.0,QCD(QUITCLAIM DEED),0.34,False,MT
16-07946-000,6/6/2002,0.0,QCD(QUITCLAIM DEED),0.34,False,MT
16-07946-000,11/3/1999,1000.0,WD(WARRANTY DEED),0.34,False,MT
16-07946-000,10/26/1999,1000.0,WD(WARRANTY DEED),0.34,False,MT
16-07946-000,2/28/1995,0.0,WD(WARRANTY DEED),0.34,False,MT
16-07946-000,11/15/1983,8000.0,WD(WARRANTY DEED),0.34,False,MT
16-07947-000,6/22/2007,17000.0,WD(WARRANTY DEED),0.36,False,CA
16-07947-000,11/17/2005,5000.0,WD(WARRANTY DEED),0.36,False,CA
16-07947-000,10/18/2000,0.0,QCD(QUITCLAIM DEED),0.36,False,CA
16-07947-000,5/26/2000,0.0,ML(MARRIAGE LICENSE),0.36,False,CA
16-07947-000,4/21/2000,0.0,QCD(QUITCLAIM DEED),0.36,False,CA
16-07947-000,4/21/2000,0.0,QCD(QUITCLAIM DEED),0.36,False,CA
16-07947-000,2/10/1993,1000.0,WD(WARRANTY DEED),0.36,False,CA
16-07947-000,2/5/1993,0.0,RD(REDEMPTION DEED),0.36,False,CA
16-07947-000,1/21/1993,1000.0,COMMD(COMMISSIONERS DEED),0.36,False,CA
16-07947-000,11/14/1975,0.0,WD(WARRANTY DEED),0.36,False,CA
16-07948-000,7/14/2021,2000.0,QCD(QUITCLAIM DEED),0.37,False,KS
16-07948-000,3/18/2021,0.0,LWD(LIMITED WARRANTY DEED),0.37,False,KS
16-07948-000,10/5/2011,0.0,QCD(QUITCLAIM DEED),0.37,False,KS
16-07948-000,10/5/2011,1693333.0,CORRQC(CORRECTED QUIT CLAIM DEED),0.37,False,KS
16-07948-000,11/24/2008,0.0,WD(WARRANTY DEED),0.37,False,KS
16-07948-000,6/1/2005,1000.0,WD(WARRANTY DEED),0.37,False,KS
16-07948-000,2/1/1994,1000.0,WD(WARRANTY DEED),0.37,False,KS
16-07948-000,9/16/1983,0.0,WD(WARRANTY DEED),0.37,False,KS
16-07949-000,4/25/2016,0.0,MEMO(MEMORANDUM),0.47,False,AR
16-07949-000,12/31/2015,500.0,WD(WARRANTY DEED),0.47,False,AR
16-07949-000,5/26/1994,1000.0,WD(WARRANTY DEED),0.47,False,AR
16-07949-000,5/26/1994,1000.0,WD(WARRANTY DEED),0.47,False,AR
16-07949-000,5/20/1994,0.0,CONT(CONTRACT),0.47,False,AR
16-07949-000,12/27/1983,7000.0,WD(WARRANTY DEED),0.47,False,AR
16-07950-000,10/19/1999,0.0,QCD(QUITCLAIM DEED),0.36,True,AR
16-07950-000,6/21/1996,0.0,QCD(QUITCLAIM DEED),0.36,True,AR
16-07950-000,2/21/1995,41000.0,WD(WARRANTY DEED),0.36,True,AR
16-07950-000,5/20/1990,0.0,WD(WARRANTY DEED),0.36,True,AR
16-07950-000,4/19/1990,0.0,QCD(QUITCLAIM DEED),0.36,True,AR
16-07950-000,3/27/1989,35000.0,WD(WARRANTY DEED),0.36,True,AR
16-07950-000,11/20/1982,39000.0,WD(WARRANTY DEED),0.36,True,AR
16-07951-000,5/16/1995,0.0,WD(WARRANTY DEED),0.35,False,AR
16-07951-000,9/25/1979,0.0,WD(WARRANTY DEED),0.35,False,AR
16-07952-000,6/24/2009,0.0,QCD(QUITCLAIM DEED),0.31,False,OK
16-07952-000,5/8/2008,0.0,QCD(QUITCLAIM DEED),0.31,False,OK
16-07952-000,5/25/1995,0.0,WD(WARRANTY DEED),0.31,False,OK
16-07952-000,9/13/1994,1000.0,WD(WARRANTY DEED),0.31,False,OK
16-07952-000,8/2/1994,0.0,WD(WARRANTY DEED),0.31,False,OK
16-07952-000,3/23/1987,6800.0,WD(WARRANTY DEED),0.31,False,OK
16-07952-000,11/22/1980,0.0,WD(WARRANTY DEED),0.31,False,OK
16-07953-000,2/24/2023,10400.0,WD(WARRANTY DEED),0.29,False,AR
16-07953-000,5/13/2022,210000.0,WD(WARRANTY DEED),0.29,False,AR
16-07953-000,11/19/2018,10000.0,SWD(SPECIAL WARRANTY DEED),0.29,False,AR
16-07953-000,10/30/2018,0.0,LWD(LIMITED WARRANTY DEED),0.29,False,AR
16-07953-000,4/26/2012,6000.0,SWD(SPECIAL WARRANTY DEED),0.29,False,AR
16-07953-000,4/25/2012,0.0,WD(WARRANTY DEED),0.29,False,AR
16-07953-000,4/25/2012,0.0,WD(WARRANTY DEED),0.29,False,AR
16-07953-000,9/18/2009,0.0,COMMD(COMMISSIONERS DEED),0.29,False,AR
16-07953-000,5/17/1986,0.0,DC(DEATH CERTIFICATE),0.29,False,AR
16-07953-000,9/2/1976,0.0,WD(WARRANTY DEED),0.29,False,AR
16-07954-000,10/5/2021,0.0,LWD(LIMITED WARRANTY DEED),0.29,False,MO
16-07954-000,5/18/2016,0.0,RD(REDEMPTION DEED),0.29,False,MO
16-07954-000,10/31/2003,0.0,RD(REDEMPTION DEED),0.29,False,MO
16-07954-000,1/8/1991,0.0,RD(REDEMPTION DEED),0.29,False,MO
16-07954-000,5/27/1983,7000.0,WD(WARRANTY DEED),0.29,False,MO
16-07955-000,3/9/1983,6000.0,WD(WARRANTY DEED),0.28,False,IA
16-07956-000,10/23/2019,0.0,RD(REDEMPTION DEED),0.28,False,NY
16-07956-000,1/12/2007,15000.0,WD(WARRANTY DEED),0.28,False,NY
16-07956-000,1/31/2005,1000.0,WD(WARRANTY DEED),0.28,False,NY
16-07956-000,3/8/1990,0.0,CONT(CONTRACT),0.28,False,NY
16-07956-000,1/29/1990,2000.0,WD(WARRANTY DEED),0.28,False,NY
16-07956-000,11/25/1981,7000.0,WD(WARRANTY DEED),0.28,False,NY
16-07956-000,10/19/1981,7000.0,WD(WARRANTY DEED),0.28,False,NY
16-07957-000,4/23/2024,5000.0,CWD(CORPORATION WARRANTY DEED),0.29,False,AR
16-07957-000,5/6/2013,1000.0,WD(WARRANTY DEED),0.29,False,AR
16-07957-000,11/20/2012,65000.0,WD(WARRANTY DEED),0.29,False,AR
16-07957-000,3/18/2009,0.0,QCD(QUITCLAIM DEED),0.29,False,AR
16-07957-000,11/24/2008,0.0,WD(WARRANTY DEED),0.29,False,AR
16-07957-000,3/21/2005,1000.0,WD(WARRANTY DEED),0.29,False,AR
16-07957-000,3/29/1991,2000.0,WD(WARRANTY DEED),0.29,False,AR
16-07957-000,7/26/1988,0.0,CONT(CONTRACT),0.29,False,AR
16-07957-000,7/23/1987,0.0,CONT(CONTRACT),0.29,False,AR
16-07957-000,7/26/1982,0.0,WD(WARRANTY DEED),0.29,False,AR
16-07958-000,3/25/2022,600.0,QCD(QUITCLAIM DEED),0.26,False,AR
16-07958-000,8/12/2003,1000.0,QCD(QUITCLAIM DEED),0.26,False,AR
16-07958-000,7/27/1993,1000.0,WD(WARRANTY DEED),0.26,False,AR
16-07958-000,7/16/1993,0.0,WD(WARRANTY DEED),0.26,False,AR
16-07958-000,7/16/1993,0.0,WD(WARRANTY DEED),0.26,False,AR
16-07958-000,6/4/1993,1000.0,WD(WARRANTY DEED),0.26,False,AR
16-07958-000,11/28/1983,0.0,WD(WARRANTY DEED),0.26,False,AR
16-07959-000,9/2/1999,1000.0,WD(WARRANTY DEED),0.3,False,AR
16-07959-000,4/25/1974,0.0,HIST(HISTORICAL),0.3,False,AR
16-07960-000,6/10/2005,0.0,DC(DEATH CERTIFICATE),0.29,False,MN
16-07960-000,6/10/2005,0.0,QCD(QUITCLAIM DEED),0.29,False,MN
16-07960-000,3/5/1991,7000.0,WD(WARRANTY DEED),0.29,False,MN
16-07960-000,4/6/1986,0.0,DC(DEATH CERTIFICATE),0.29,False,MN
16-07960-000,11/12/1984,0.0,HIST(HISTORICAL),0.29,False,MN
16-07960-000,8/20/1984,0.0,HIST(HISTORICAL),0.29,False,MN
16-07961-000,9/30/1994,0.0,RD(REDEMPTION DEED),0.28,False,CA
16-07961-000,9/27/1994,0.0,RD(REDEMPTION DEED),0.28,False,CA
16-07961-000,4/23/1987,0.0,WD(WARRANTY DEED),0.28,False,CA
16-07961-000,1/24/1983,0.0,WD(WARRANTY DEED),0.28,False,CA
16-07962-000,7/1/1998,1000.0,WD(WARRANTY DEED),0.29,False,AR
16-07962-000,4/8/1994,1000.0,WD(WARRANTY DEED),0.29,False,AR
16-07962-000,4/4/1994,1000.0,WD(WARRANTY DEED),0.29,False,AR
16-07962-000,3/9/1977,0.0,WD(WARRANTY DEED),0.29,False,AR
16-07963-000,2/24/2023,10400.0,WD(WARRANTY DEED),0.27,False,AR
16-07963-000,5/13/2022,210000.0,WD(WARRANTY DEED),0.27,False,AR
16-07963-000,11/19/2018,10000.0,SWD(SPECIAL WARRANTY DEED),0.27,False,AR
16-07963-000,10/30/2018,0.0,LWD(LIMITED WARRANTY DEED),0.27,False,AR
16-07963-000,10/11/2012,0.0,LWD(LIMITED WARRANTY DEED),0.27,False,AR
16-07963-000,8/26/1983,0.0,WD(WARRANTY DEED),0.27,False,AR
16-07964-000,1/26/2012,1000.0,SWD(SPECIAL WARRANTY DEED),0.26,False,AR
16-07964-000,5/15/2009,0.0,COMMD(COMMISSIONERS DEED),0.26,False,AR
16-07964-000,3/27/2007,0.0,QCD(QUITCLAIM DEED),0.26,False,AR
16-07964-000,9/6/2002,0.0,RD(REDEMPTION DEED),0.26,False,AR
16-07964-000,7/21/1999,0.0,WD(WARRANTY DEED),0.26,False,AR
16-07964-000,12/30/1997,0.0,WD(WARRANTY DEED),0.26,False,AR
16-07964-000,2/25/1997,1000.0,WD(WARRANTY DEED),0.26,False,AR
16-07964-000,2/24/1997,1000.0,QCD(QUITCLAIM DEED),0.26,False,AR
16-07964-000,3/3/1995,0.0,WD(WARRANTY DEED),0.26,False,AR
16-07964-000,1/25/1995,0.0,QCD(QUITCLAIM DEED),0.26,False,AR
16-07964-000,1/9/1995,0.0,QCD(QUITCLAIM DEED),0.26,False,AR
16-07964-000,8/10/1993,1000.0,WD(WARRANTY DEED),0.26,False,AR
16-07964-000,3/13/1987,0.0,WD(WARRANTY DEED),0.26,False,AR
16-07964-000,8/9/1985,0.0,DC(DEATH CERTIFICATE),0.26,False,AR
16-07964-000,3/16/1984,0.0,QCD(QUITCLAIM DEED),0.26,False,AR
16-07965-000,1/18/2025,8000.0,WD(WARRANTY DEED),0.25,False,AR
16-07965-000,5/20/2024,0.0,DC(DEATH CERTIFICATE),0.25,False,AR
16-07965-000,5/13/2005,0.0,RD(REDEMPTION DEED),0.25,False,AR
16-07965-000,10/10/1996,0.0,RD(REDEMPTION DEED),0.25,False,AR
16-07965-000,2/2/1983,0.0,WD(WARRANTY DEED),0.25,False,AR
16-07966-000,3/13/2020,0.0,WD(WARRANTY DEED),0.33,True,AR
16-07966-000,9/6/2019,242000.0,WD(WARRANTY DEED),0.33,True,AR
16-07966-000,6/11/2017,0.0,DC(DEATH CERTIFICATE),0.33,True,AR
16-07966-000,9/8/2014,193000.0,WD(WARRANTY DEED),0.33,True,AR
16-07966-000,5/27/2005,2000.0,WD(WARRANTY DEED),0.33,True,AR
16-07966-000,12/30/2002,0.0,DC(DEATH CERTIFICATE),0.33,True,AR
16-07966-000,12/5/1983,7000.0,WD(WARRANTY DEED),0.33,True,AR
16-07967-000,11/3/2021,7000.0,WD(WARRANTY DEED),0.24,False,AR
16-07967-000,3/1/2007,20000.0,WD(WARRANTY DEED),0.24,False,AR
16-07967-000,1/28/2005,1000.0,WD(WARRANTY DEED),0.24,False,AR
16-07967-000,7/24/2003,0.0,QCD(QUITCLAIM DEED),0.24,False,AR
16-07967-000,1/27/2003,0.0,WD(WARRANTY DEED),0.24,False,AR
16-07967-000,7/3/2001,1000.0,WD(WARRANTY DEED),0.24,False,AR
16-07967-000,1/3/2001,0.0,WD(WARRANTY DEED),0.24,False,AR
16-07967-000,6/12/1985,6000.0,WD(WARRANTY DEED),0.24,False,AR
16-07968-000,11/25/2019,2000.0,WD(WARRANTY DEED),0.24,False,AR
16-07968-000,10/12/2015,0.0,CERT(CERTIFICATE),0.24,False,AR
16-07968-000,8/25/2014,0.0,WD(WARRANTY DEED),0.24,False,AR
16-07968-000,8/25/2014,0.0,CERT(CERTIFICATE),0.24,False,AR
16-07968-000,6/2/2014,2000.0,CORRWD(CORRECTED WARRANTY DEED),0.24,False,AR
16-07968-000,6/2/2014,2000.0,WD(WARRANTY DEED),0.24,False,AR
16-07968-000,6/20/2013,0.0,WD(WARRANTY DEED),0.24,False,AR
16-07968-000,6/20/2013,0.0,CERT(CERTIFICATE),0.24,False,AR
16-07968-000,6/30/1988,2000.0,WD(WARRANTY DEED),0.24,False,AR
16-07968-000,5/17/1988,1000.0,WD(WARRANTY DEED),0.24,False,AR
16-07969-000,7/11/2017,155000.0,TRWD(TRUSTEES WARRANTY DEED),0.26,True,AR
16-07969-000,10/12/2015,0.0,CERT(CERTIFICATE),0.26,True,AR
16-07969-000,8/25/2014,0.0,WD(WARRANTY DEED),0.26,True,AR
16-07969-000,8/25/2014,0.0,CERT(CERTIFICATE),0.26,True,AR
16-07969-000,2/25/2004,124000.0,WD(WARRANTY DEED),0.26,True,AR
16-07969-000,1/27/2003,2000.0,WD(WARRANTY DEED),0.26,True,AR
16-07969-000,12/27/1983,7000.0,WD(WARRANTY DEED),0.26,True,AR
16-07970-000,7/6/2020,340000.0,WD(WARRANTY DEED),0.23,True,AR
16-07970-000,10/19/2012,265000.0,WD(WARRANTY DEED),0.23,True,AR
16-07970-000,4/18/2006,0.0,WD(WARRANTY DEED),0.23,True,AR
16-07970-000,8/13/2004,2000.0,QCD(QUITCLAIM DEED),0.23,True,AR
16-07970-000,4/10/2001,1000.0,COMMD(COMMISSIONERS DEED),0.23,True,AR
16-07970-000,4/9/2001,0.0,RD(REDEMPTION DEED),0.23,True,AR
16-07970-000,1/10/1984,7000.0,WD(WARRANTY DEED),0.23,True,AR
16-07971-000,7/6/2020,340000.0,WD(WARRANTY DEED),0.26,False,AR
16-07971-000,10/19/2012,265000.0,WD(WARRANTY DEED),0.26,False,AR
16-07971-000,4/18/2006,0.0,WD(WARRANTY DEED),0.26,False,AR
16-07971-000,3/21/2006,8000.0,QCD(QUITCLAIM DEED),0.26,False,AR
16-07971-000,5/10/2001,1000.0,WD(WARRANTY DEED),0.26,False,AR
16-07971-000,9/27/1993,2000.0,WD(WARRANTY DEED),0.26,False,AR
16-07971-000,11/23/1976,6000.0,WD(WARRANTY DEED),0.26,False,AR
16-07972-000,7/20/2016,228000.0,WD(WARRANTY DEED),0.32,False,AR
16-07972-000,3/31/2010,6000.0,WD(WARRANTY DEED),0.32,False,AR
16-07972-000,6/29/2009,12000.0,WD(WARRANTY DEED),0.32,False,AR
16-07972-000,5/13/2009,0.0,COMMD(COMMISSIONERS DEED),0.32,False,AR
16-07972-000,2/16/2006,203000.0,WD(WARRANTY DEED),0.32,False,AR
16-07972-000,9/28/2005,5000.0,WD(WARRANTY DEED),0.32,False,AR
16-07972-000,9/28/2005,0.0,DC(DEATH CERTIFICATE),0.32,False,AR
16-07972-000,12/3/1981,0.0,WD(WARRANTY DEED),0.32,False,AR
16-07973-000,7/20/2016,228000.0,WD(WARRANTY DEED),0.29,True,AR
16-07973-000,12/5/2007,210000.0,WD(WARRANTY DEED),0.29,True,AR
16-07973-000,4/19/2007,0.0,WD(WARRANTY DEED),0.29,True,AR
16-07973-000,4/4/2007,0.0,MTG-D(MORTGAGEE'S DEED),0.29,True,AR
16-07973-000,9/18/2006,225000.0,WD(WARRANTY DEED),0.29,True,AR
16-07973-000,6/8/2005,6000.0,WD(WARRANTY DEED),0.29,True,AR
16-07973-000,6/3/2005,0.0,DC(DEATH CERTIFICATE),0.29,True,AR
16-07973-000,3/1/2004,1000.0,WD(WARRANTY DEED),0.29,True,AR
16-07973-000,11/27/1989,0.0,WD(WARRANTY DEED),0.29,True,AR
16-07973-000,2/19/1979,0.0,WD(WARRANTY DEED),0.29,True,AR
16-07974-000,7/20/2016,228000.0,WD(WARRANTY DEED),0.29,False,AR
16-07974-000,4/12/2010,10000.0,WD(WARRANTY DEED),0.29,False,AR
16-07974-000,3/4/2010,0.0,QCD(QUITCLAIM DEED),0.29,False,AR
16-07974-000,9/29/2009,0.0,SWD(SPECIAL WARRANTY DEED),0.29,False,AR
16-07974-000,5/13/2009,0.0,COMMD(COMMISSIONERS DEED),0.29,False,AR
16-07974-000,2/16/2006,203000.0,WD(WARRANTY DEED),0.29,False,AR
16-07974-000,2/16/2006,0.0,WD(WARRANTY DEED),0.29,False,AR
16-07974-000,3/7/2005,3000.0,WD(WARRANTY DEED),0.29,False,AR
16-07974-000,11/18/1983,0.0,WD(WARRANTY DEED),0.29,False,AR
16-07975-000,8/1/1985,6000.0,WD(WARRANTY DEED),0.28,False,TX
16-07976-000,9/19/2007,210000.0,WD(WARRANTY DEED),0.27,True,AR
16-07976-000,10/11/2006,10000.0,WD(WARRANTY DEED),0.27,True,AR
16-07976-000,10/9/2006,10000.0,WD(WARRANTY DEED),0.27,True,AR
16-07976-000,9/24/2004,3000.0,WD(WARRANTY DEED),0.27,True,AR
16-07976-000,7/15/2004,0.0,DC(DEATH CERTIFICATE),0.27,True,AR
16-07976-000,7/16/1986,0.0,WD(WARRANTY DEED),0.27,True,AR
16-07976-000,2/4/1976,6000.0,WD(WARRANTY DEED),0.27,True,AR
16-07977-000,4/12/2021,5000.0,TRWD(TRUSTEES WARRANTY DEED),0.27,False,AR
16-07977-000,3/23/2015,0.0,MEMO(MEMORANDUM),0.27,False,AR
16-07977-000,3/23/2015,0.0,MEMO(MEMORANDUM),0.27,False,AR
16-07977-000,1/19/2001,0.0,QCD(QUITCLAIM DEED),0.27,False,AR
16-07977-000,4/21/1999,8000.0,WD(WARRANTY DEED),0.27,False,AR
16-07977-000,10/24/1984,0.0,CONT(CONTRACT),0.27,False,AR
16-07978-000,3/20/2020,0.0,RD(REDEMPTION DEED),0.29,False,TX
16-07978-000,12/27/1983,5000.0,WD(WARRANTY DEED),0.29,False,TX
16-07979-000,9/30/2022,8000.0,WD(WARRANTY DEED),0.3,False,LA
16-07979-000,8/30/2022,0.0,AFF(AFFIDAVIT),0.3,False,LA
16-07979-000,1/13/2022,0.0,DC(DEATH CERTIFICATE),0.3,False,LA
16-07979-000,11/6/2020,3000.0,WD(WARRANTY DEED),0.3,False,LA
16-07979-000,10/1/2017,0.0,QCD(QUITCLAIM DEED),0.3,False,LA
16-07979-000,10/26/2012,0.0,DC(DEATH CERTIFICATE),0.3,False,LA
16-07979-000,11/25/2002,0.0,RD(REDEMPTION DEED),0.3,False,LA
16-07979-000,10/20/1994,1000.0,WD(WARRANTY DEED),0.3,False,LA
16-07979-000,9/1/1982,6000.0,WD(WARRANTY DEED),0.3,False,LA
16-07980-000,1/21/2005,0.0,WD(WARRANTY DEED),0.31,False,MO
16-07980-000,8/7/1995,0.0,WD(WARRANTY DEED),0.31,False,MO
16-07980-000,12/1/1992,4500.0,WD(WARRANTY DEED),0.31,False,MO
16-07980-000,8/17/1992,8000.0,WD(WARRANTY DEED),0.31,False,MO
16-07980-000,11/17/1981,8000.0,WD(WARRANTY DEED),0.31,False,MO
16-07981-000,5/1/2018,0.0,QCD(QUITCLAIM DEED),0.28,False,AR
16-07981-000,7/16/2014,500.0,SWD(SPECIAL WARRANTY DEED),0.28,False,AR
16-07981-000,4/19/2013,0.0,QCD(QUITCLAIM DEED),0.28,False,AR
16-07981-000,2/17/2000,1000.0,WD(WARRANTY DEED),0.28,False,AR
16-07981-000,2/14/2000,1000.0,WD(WARRANTY DEED),0.28,False,AR
16-07981-000,2/1/2000,0.0,QCD(QUITCLAIM DEED),0.28,False,AR
16-07981-000,11/29/1993,0.0,QCD(QUITCLAIM DEED),0.28,False,AR
16-07981-000,9/16/1993,0.0,QCD(QUITCLAIM DEED),0.28,False,AR
16-07981-000,2/20/1980,0.0,DC(DEATH CERTIFICATE),0.28,False,AR
16-07981-000,8/30/1978,6000.0,WD(WARRANTY DEED),0.28,False,AR
16-07982-000,4/10/2001,1000.0,COMMD(COMMISSIONERS DEED),0.29,False,AR
16-07982-000,2/15/1998,0.0,DC(DEATH CERTIFICATE),0.29,False,AR
16-07982-000,4/20/1988,0.0,CONT(CONTRACT),0.29,False,AR
16-07983-000,4/10/2015,0.0,RD(REDEMPTION DEED),0.29,False,NY
16-07983-000,10/18/2006,15000.0,WD(WARRANTY DEED),0.29,False,NY
16-07983-000,12/15/2004,0.0,WD(WARRANTY DEED),0.29,False,NY
16-07983-000,12/14/2004,0.0,CORRWD(CORRECTED WARRANTY DEED),0.29,False,NY
16-07983-000,9/28/2004,16000.0,WD(WARRANTY DEED),0.29,False,NY
16-07983-000,5/27/2004,6000.0,CORRWD(CORRECTED WARRANTY DEED),0.29,False,NY
16-07983-000,5/27/2004,6000.0,TRD(TRUSTEES DEED),0.29,False,NY
16-07983-000,4/19/2004,6000.0,TRD(TRUSTEES DEED),0.29,False,NY
16-07983-000,7/3/2003,0.0,WD(WARRANTY DEED),0.29,False,NY
16-07983-000,6/19/1982,0.0,CONT(CONTRACT),0.29,False,NY
16-07983-000,5/4/1982,8000.0,WD(WARRANTY DEED),0.29,False,NY
16-07983-000,9/29/1978,7000.0,WD(WARRANTY DEED),0.29,False,NY
16-07984-000,1/14/2025,0.0,WD(WARRANTY DEED),0.31,False,TX
16-07984-000,6/16/2022,12000.0,WD(WARRANTY DEED),0.31,False,TX
16-07984-000,6/21/2021,5600.0,WD(WARRANTY DEED),0.31,False,TX
16-07984-000,6/5/2020,0.0,RD(REDEMPTION DEED),0.31,False,TX
16-07984-000,4/2/2020,2650.0,SWD(SPECIAL WARRANTY DEED),0.31,False,TX
16-07984-000,3/18/2020,0.0,QCD(QUITCLAIM DEED),0.31,False,TX
16-07984-000,8/30/2018,0.0,QCD(QUITCLAIM DEED),0.31,False,TX
16-07984-000,8/27/2018,0.0,WD(WARRANTY DEED),0.31,False,TX
16-07984-000,11/12/1996,1000.0,WD(WARRANTY DEED),0.31,False,TX
16-07984-000,10/22/1996,1000.0,WD(WARRANTY DEED),0.31,False,TX
16-07984-000,10/22/1996,0.0,QCD(QUITCLAIM DEED),0.31,False,TX
16-07984-000,9/20/1978,0.0,SWD(SPECIAL WARRANTY DEED),0.31,False,TX
16-07985-000,1/14/2025,0.0,WD(WARRANTY DEED),0.38,False,TX
16-07985-000,1/4/2024,12500.0,WD(WARRANTY DEED),0.38,False,TX
16-07985-000,7/23/2020,2000.0,COMMD(COMMISSIONERS DEED),0.38,False,TX
16-07985-000,4/9/2008,15000.0,WD(WARRANTY DEED),0.38,False,TX
16-07985-000,4/19/2005,1000.0,WD(WARRANTY DEED),0.38,False,TX
16-07985-000,10/31/1990,0.0,CONT(CONTRACT),0.38,False,TX
16-07985-000,7/19/1990,3500.0,WD(WARRANTY DEED),0.38,False,TX
16-07985-000,6/16/1987,0.0,DC(DEATH CERTIFICATE),0.38,False,TX
16-07985-000,5/16/1984,0.0,CONT(CONTRACT),0.38,False,TX
16-07985-000,1/10/1984,6000.0,WD(WARRANTY DEED),0.38,False,TX
16-07986-000,12/20/2016,801.0,QCD(QUITCLAIM DEED),0.34,False,LA
16-07986-000,11/2/2016,0.0,LWD(LIMITED WARRANTY DEED),0.34,False,LA
16-07986-000,1/4/2016,0.0,TRD(TRUSTEES DEED),0.34,False,LA
16-07986-000,1/4/2016,0.0,CERT(CERTIFICATE),0.34,False,LA
16-07986-000,1/4/2016,0.0,MEMO(MEMORANDUM),0.34,False,LA
16-07986-000,12/10/1981,1273.0,COMMD(COMMISSIONERS DEED),0.34,False,LA
16-07987-000,1/16/2020,0.0,WD(WARRANTY DEED),0.39,False,WA
16-07987-000,7/19/2000,0.0,DC(DEATH CERTIFICATE),0.39,False,WA
16-07987-000,9/16/1975,7000.0,WD(WARRANTY DEED),0.39,False,WA
16-07988-000,7/24/2020,0.0,QCD(QUITCLAIM DEED),0.31,False,AR
16-07988-000,6/11/2019,0.0,LWD(LIMITED WARRANTY DEED),0.31,False,AR
16-07988-000,4/21/2006,150000.0,WD(WARRANTY DEED),0.31,False,AR
16-07988-000,3/20/1984,0.0,WD(WARRANTY DEED),0.31,False,AR
16-07989-000,10/16/2014,3000.0,WD(WARRANTY DEED),0.3,False,AR
16-07989-000,5/8/2000,0.0,QCD(QUITCLAIM DEED),0.3,False,AR
16-07989-000,8/1/1985,7000.0,WD(WARRANTY DEED),0.3,False,AR
16-07990-000,8/30/2013,160000.0,WD(WARRANTY DEED),0.28,True,AR
16-07990-000,12/7/2009,164000.0,WD(WARRANTY DEED),0.28,True,AR
16-07990-000,7/9/2009,0.0,WD(WARRANTY DEED),0.28,True,AR
16-07990-000,6/26/2009,2000.0,WD(WARRANTY DEED),0.28,True,AR
16-07990-000,5/13/2009,0.0,COMMD(COMMISSIONERS DEED),0.28,True,AR
16-07990-000,2/16/2006,203000.0,WD(WARRANTY DEED),0.28,True,AR
16-07990-000,2/16/2006,0.0,WD(WARRANTY DEED),0.28,True,AR
16-07990-000,3/7/2005,3000.0,WD(WARRANTY DEED),0.28,True,AR
16-07990-000,10/19/1981,6000.0,WD(WARRANTY DEED),0.28,True,AR
16-07991-000,1/17/2020,10000.0,WD(WARRANTY DEED),0.53,True,AR
16-07991-000,7/26/1999,2000.0,WD(WARRANTY DEED),0.53,True,AR
16-07991-000,7/26/1999,2000.0,WD(WARRANTY DEED),0.53,True,AR
16-07991-000,8/26/1991,0.0,DC(DEATH CERTIFICATE),0.53,True,AR
16-07991-000,5/8/1978,7000.0,WD(WARRANTY DEED),0.53,True,AR
16-07992-000,1/13/2020,3000.0,TRWD(TRUSTEES WARRANTY DEED),0.29,False,AR
16-07992-000,5/15/2018,0.0,AFF(AFFIDAVIT),0.29,False,AR
16-07992-000,6/15/2017,0.0,AFF(AFFIDAVIT),0.29,False,AR
16-07992-000,5/18/2006,58000.0,WD(WARRANTY DEED),0.29,False,AR
16-07992-000,4/7/2005,4000.0,WD(WARRANTY DEED),0.29,False,AR
16-07992-000,7/2/2001,5000.0,WD(WARRANTY DEED),0.29,False,AR
16-07992-000,10/14/1986,0.0,CONT(CONTRACT),0.29,False,AR
16-07992-000,9/12/1986,0.0,DC(DEATH CERTIFICATE),0.29,False,AR
16-07992-000,1/27/1984,7000.0,WD(WARRANTY DEED),0.29,False,AR
16-07993-000,12/27/2019,0.0,QCD(QUITCLAIM DEED),0.28,False,AR
16-07993-000,5/14/2018,1250.0,WD(WARRANTY DEED),0.28,False,AR
16-07993-000,4/16/2018,0.0,DC(DEATH CERTIFICATE),0.28,False,AR
16-07993-000,1/18/2005,3000.0,WD(WARRANTY DEED),0.28,False,AR
16-07993-000,1/14/2005,0.0,QCD(QUITCLAIM DEED),0.28,False,AR
16-07993-000,1/10/1984,0.0,WD(WARRANTY DEED),0.28,False,AR
16-07994-000,12/27/2019,0.0,QCD(QUITCLAIM DEED),0.3,False,AR
16-07994-000,5/15/2018,3250.0,TRWD(TRUSTEES WARRANTY DEED),0.3,False,AR
16-07994-000,5/15/2018,0.0,AFF(AFFIDAVIT),0.3,False,AR
16-07994-000,6/15/2017,0.0,CERT(CERTIFICATE),0.3,False,AR
16-07994-000,5/18/2006,58000.0,WD(WARRANTY DEED),0.3,False,AR
16-07994-000,3/21/2005,3000.0,WD(WARRANTY DEED),0.3,False,AR
16-07994-000,3/28/1989,1500.0,WD(WARRANTY DEED),0.3,False,AR
16-07994-000,11/14/1975,0.0,WD(WARRANTY DEED),0.3,False,AR
16-07995-000,3/15/2022,249000.0,SWD(SPECIAL WARRANTY DEED),0.29,True,AR
16-07995-000,2/24/2017,0.0,WD(WARRANTY DEED),0.29,True,AR
16-07995-000,11/25/2014,0.0,WD(WARRANTY DEED),0.29,True,AR
16-07995-000,11/25/2014,0.0,WD(WARRANTY DEED),0.29,True,AR
16-07995-000,11/25/2014,0.0,WD(WARRANTY DEED),0.29,True,AR
16-07995-000,2/18/2010,0.0,SWD(SPECIAL WARRANTY DEED),0.29,True,AR
16-07995-000,2/18/2010,0.0,SWD(SPECIAL WARRANTY DEED),0.29,True,AR
16-07995-000,2/18/2010,0.0,SWD(SPECIAL WARRANTY DEED),0.29,True,AR
16-07995-000,4/25/2007,140000.0,WD(WARRANTY DEED),0.29,True,AR
16-07995-000,9/22/2005,0.0,QCD(QUITCLAIM DEED),0.29,True,AR
16-07995-000,5/21/2001,95000.0,CWD(CORPORATION WARRANTY DEED),0.29,True,AR
16-07995-000,10/26/2000,1000.0,WD(WARRANTY DEED),0.29,True,AR
16-07995-000,6/19/1984,6000.0,WD(WARRANTY DEED),0.29,True,AR
16-07996-000,5/13/2025,15000.0,WD(WARRANTY DEED),0.32,False,AR
16-07996-000,6/4/2002,0.0,WD(WARRANTY DEED),0.32,False,AR
16-07996-000,2/13/1995,0.0,AFF(AFFIDAVIT),0.32,False,AR
16-07996-000,5/19/1990,0.0,DC(DEATH CERTIFICATE),0.32,False,AR
16-07996-000,12/25/1983,0.0,DC(DEATH CERTIFICATE),0.32,False,AR
16-07996-000,12/7/1976,7000.0,WD(WARRANTY DEED),0.32,False,AR
16-07997-000,4/28/2021,3000.0,QCD(QUITCLAIM DEED),0.34,False,AR
16-07997-000,12/6/2016,0.0,BD(BENEFICIARY DEED),0.34,False,AR
16-07997-000,9/2/1998,1000.0,WD(WARRANTY DEED),0.34,False,AR
16-07997-000,4/12/1991,0.0,WD(WARRANTY DEED),0.34,False,AR
16-07997-000,4/10/1991,0.0,TRAG(TRUST AGREEMENT),0.34,False,AR
16-07997-000,3/1/1982,0.0,WD(WARRANTY DEED),0.34,False,AR
16-07998-000,12/7/2016,175000.0,WD(WARRANTY DEED),0.33,True,AR
16-07998-000,11/1/2016,0.0,QCD(QUITCLAIM DEED),0.33,True,AR
16-07998-000,12/18/2015,172000.0,WD(WARRANTY DEED),0.33,True,AR
16-07998-000,12/9/2014,0.0,QCD(QUITCLAIM DEED),0.33,True,AR
16-07998-000,12/9/2014,160000.0,WD(WARRANTY DEED),0.33,True,AR
16-07998-000,10/29/2013,1000.0,SWD(SPECIAL WARRANTY DEED),0.33,True,AR
16-07998-000,9/11/2008,0.0,RD(REDEMPTION DEED),0.33,True,AR
16-07998-000,9/8/2008,0.0,OTHER(OTHER DOCUMENT),0.33,True,AR
16-07998-000,7/8/2004,0.0,WD(WARRANTY DEED),0.33,True,AR
16-07998-000,12/19/2000,0.0,HIST(HISTORICAL),0.33,True,AR
16-07998-000,9/9/1998,1000.0,COMMD(COMMISSIONERS DEED),0.33,True,AR
16-07998-000,5/6/1985,0.0,WD(WARRANTY DEED),0.33,True,AR
16-07999-000,1/9/2025,0.0,SWD(SPECIAL WARRANTY DEED),0.29,True,AR
16-07999-000,1/9/2025,0.0,CERT(CERTIFICATE),0.29,True,AR
16-07999-000,3/13/2015,159000.0,WD(WARRANTY DEED),0.29,True,AR
16-07999-000,10/29/2013,1000.0,SWD(SPECIAL WARRANTY DEED),0.29,True,AR
16-07999-000,3/30/1998,0.0,CERT(CERTIFICATE),0.29,True,AR
16-07999-000,3/30/1998,1000.0,COMMD(COMMISSIONERS DEED),0.29,True,AR
16-07999-000,1/28/1998,100.0,WD(WARRANTY DEED),0.29,True,AR
16-07999-000,1/19/1984,0.0,WD(WARRANTY DEED),0.29,True,AR
16-08000-000,1/17/2024,20400.0,SWD(SPECIAL WARRANTY DEED),0.26,False,AR
16-08000-000,5/26/2023,0.0,QCD(QUITCLAIM DEED),0.26,False,AR
16-08000-000,7/7/2015,6000.0,CORRQC(CORRECTED QUIT CLAIM DEED),0.26,False,AR
16-08000-000,6/22/2015,0.0,QCD(QUITCLAIM DEED),0.26,False,AR
16-08000-000,1/7/2015,500.0,SWD(SPECIAL WARRANTY DEED),0.26,False,AR
16-08000-000,6/18/2014,0.0,COMMD(COMMISSIONERS DEED),0.26,False,AR
16-08000-000,8/22/2013,0.0,RD(REDEMPTION DEED),0.26,False,AR
16-08000-000,3/18/2009,0.0,QCD(QUITCLAIM DEED),0.26,False,AR
16-08000-000,11/24/2008,0.0,WD(WARRANTY DEED),0.26,False,AR
16-08000-000,11/1/2005,4000.0,CORRWD(CORRECTED WARRANTY DEED),0.26,False,AR
16-08000-000,10/26/2005,4000.0,WD(WARRANTY DEED),0.26,False,AR
16-08000-000,12/9/2002,0.0,RD(REDEMPTION DEED),0.26,False,AR
16-08000-000,5/30/2000,0.0,RD(REDEMPTION DEED),0.26,False,AR
16-08000-000,8/10/1996,0.0,DEC(DECREE),0.26,False,AR
16-08000-000,2/23/1993,5000.0,WD(WARRANTY DEED),0.26,False,AR
16-08000-000,10/7/1991,0.0,WD(WARRANTY DEED),0.26,False,AR
16-08000-000,5/13/1991,0.0,RD(REDEMPTION DEED),0.26,False,AR
16-08000-000,1/26/1991,0.0,COMMD(COMMISSIONERS DEED),0.26,False,AR
16-08000-000,3/25/1985,0.0,WD(WARRANTY DEED),0.26,False,AR
16-08001-000,5/1/2020,0.0,BD(BENEFICIARY DEED),0.59,True,AR
16-08001-000,4/23/2020,0.0,BD(BENEFICIARY DEED),0.59,True,AR
16-08001-000,5/1/2018,0.0,BD(BENEFICIARY DEED),0.59,True,AR
16-08001-000,5/1/2018,360000.0,WD(WARRANTY DEED),0.59,True,AR
16-08001-000,10/7/2016,0.0,DC(DEATH CERTIFICATE),0.59,True,AR
16-08001-000,6/27/1995,0.0,QCD(QUITCLAIM DEED),0.59,True,AR
16-08001-000,6/27/1995,0.0,QCD(QUITCLAIM DEED),0.59,True,AR
16-08001-000,6/27/1995,0.0,QCD(QUITCLAIM DEED),0.59,True,AR
16-08001-000,5/10/1995,0.0,WD(WARRANTY DEED),0.59,True,AR
16-08001-000,5/10/1995,2000.0,CWD(CORPORATION WARRANTY DEED),0.59,True,AR
16-08001-000,5/10/1995,0.0,WD(WARRANTY DEED),0.59,True,AR
16-08001-000,5/5/1995,0.0,DC(DEATH CERTIFICATE),0.59,True,AR
16-08001-000,5/2/1995,0.0,WD(WARRANTY DEED),0.59,True,AR
16-08001-000,8/29/1994,0.0,CONT(CONTRACT),0.59,True,AR
16-08001-000,1/1/1800,0.0,CONT(CONTRACT),0.59,True,AR
16-08003-000,10/15/2020,311000.0,WD(WARRANTY DEED),0.32,True,AR
16-08003-000,4/1/2010,0.0,WD(WARRANTY DEED),0.32,True,AR
16-08003-000,5/17/2004,2000.0,WD(WARRANTY DEED),0.32,True,AR
16-08003-000,5/17/2004,0.0,MEMO(MEMORANDUM),0.32,True,AR
16-08003-000,5/17/2004,0.0,QCD(QUITCLAIM DEED),0.32,True,AR
16-08003-000,2/16/2001,0.0,QCD(QUITCLAIM DEED),0.32,True,AR
16-08003-000,3/21/1995,0.0,WD(WARRANTY DEED),0.32,True,AR
16-08003-000,5/11/1993,0.0,WD(WARRANTY DEED),0.32,True,AR
16-08003-000,3/22/1993,0.0,QCD(QUITCLAIM DEED),0.32,True,AR
16-08003-000,9/25/1991,0.0,WD(WARRANTY DEED),0.32,True,AR
16-08003-000,5/18/1991,0.0,QCD(QUITCLAIM DEED),0.32,True,AR
16-08003-000,6/22/1989,0.0,DC(DEATH CERTIFICATE),0.32,True,AR
16-08003-000,5/9/1980,7000.0,WD(WARRANTY DEED),0.32,True,AR
16-08004-000,10/15/2020,311000.0,WD(WARRANTY DEED),0.3,True,AR
16-08004-000,4/1/2010,220000.0,WD(WARRANTY DEED),0.3,True,AR
16-08004-000,4/26/2004,4000.0,WD(WARRANTY DEED),0.3,True,AR
16-08004-000,8/10/2001,0.0,DC(DEATH CERTIFICATE),0.3,True,AR
16-08004-000,2/16/1983,0.0,WD(WARRANTY DEED),0.3,True,AR
16-08005-000,"2,155",431.0,431,19.33,False,AR
16-08005-000,0,0.0,0,19.33,False,AR
16-08005-000,"2,155",431.0,431,19.33,False,AR
16-08005-000,,431.0,431,19.33,False,AR
16-08005-000,,0.06193,0.06193,19.33,False,AR
16-08005-000,,3.87,3.87,19.33,False,AR
16-08005-001,0,0.0,0,13.17,False,AR
16-08005-001,0,0.0,0,13.17,False,AR
16-08005-001,0,0.0,0,13.17,False,AR
16-08005-001,,0.0,0,13.17,False,AR
16-08005-001,,0.06193,0.06193,13.17,False,AR
16-09891-000,11/2/2021,355000.0,WD(WARRANTY DEED),0.33,True,AR
16-09891-000,9/1/2016,0.0,QCD(QUITCLAIM DEED),0.33,True,AR
16-09891-000,3/21/2005,3000.0,WD(WARRANTY DEED),0.33,True,AR
16-09891-000,4/13/1995,0.0,DC(DEATH CERTIFICATE),0.33,True,AR
16-09891-000,3/7/1995,0.0,WD(WARRANTY DEED),0.33,True,AR
16-09891-000,4/13/1985,0.0,DC(DEATH CERTIFICATE),0.33,True,AR
16-09891-000,2/18/1985,8000.0,WD(WARRANTY DEED),0.33,True,AR
16-09892-000,9/29/2018,0.0,DC(DEATH CERTIFICATE),0.31,False,AR
16-09892-000,7/1/2014,275000.0,WD(WARRANTY DEED),0.31,False,AR
16-09892-000,10/31/2006,7000.0,WD(WARRANTY DEED),0.31,False,AR
16-09892-000,5/16/1996,7000.0,WD(WARRANTY DEED),0.31,False,AR
16-09892-000,7/15/1981,0.0,CONT(CONTRACT),0.31,False,AR
16-09893-000,9/29/2018,0.0,DC(DEATH CERTIFICATE),0.3,True,AR
16-09893-000,7/1/2014,275000.0,WD(WARRANTY DEED),0.3,True,AR
16-09893-000,8/16/2005,3000.0,WD(WARRANTY DEED),0.3,True,AR
16-09893-000,8/16/2005,0.0,DC(DEATH CERTIFICATE),0.3,True,AR
16-09893-000,5/25/1985,6400.0,WD(WARRANTY DEED),0.3,True,AR
16-09894-000,9/29/2018,0.0,DC(DEATH CERTIFICATE),0.25,False,AR
16-09894-000,7/1/2014,275000.0,WD(WARRANTY DEED),0.25,False,AR
16-09894-000,8/10/2005,4000.0,WD(WARRANTY DEED),0.25,False,AR
16-09894-000,6/14/2002,2500.0,WD(WARRANTY DEED),0.25,False,AR
16-09894-000,5/19/1981,0.0,WD(WARRANTY DEED),0.25,False,AR
16-09895-000,7/21/2021,3000.0,WD(WARRANTY DEED),0.29,False,AR
16-09895-000,3/5/2015,0.0,WD(WARRANTY DEED),0.29,False,AR
16-09895-000,8/1/2012,1000.0,SWD(SPECIAL WARRANTY DEED),0.29,False,AR
16-09895-000,8/30/2011,0.0,QCD(QUITCLAIM DEED),0.29,False,AR
16-09895-000,3/30/2010,0.0,RD(REDEMPTION DEED),0.29,False,AR
16-09895-000,10/15/1985,0.0,WD(WARRANTY DEED),0.29,False,AR
16-09896-000,3/11/2016,0.0,WD(WARRANTY DEED),0.41,False,AR
16-09896-000,5/29/1991,1000.0,WD(WARRANTY DEED),0.41,False,AR
16-09896-000,5/10/1991,1000.0,WD(WARRANTY DEED),0.41,False,AR
16-09896-000,2/28/1984,0.0,WD(WARRANTY DEED),0.41,False,AR
16-09897-000,11/25/2020,0.0,WD(WARRANTY DEED),0.36,False,AR
16-09897-000,11/25/2020,3000.0,WD(WARRANTY DEED),0.36,False,AR
16-09897-000,7/6/2005,4000.0,WD(WARRANTY DEED),0.36,False,AR
16-09897-000,3/8/1998,0.0,DC(DEATH CERTIFICATE),0.36,False,AR
16-09897-000,9/10/1982,8000.0,WD(WARRANTY DEED),0.36,False,AR
16-09897-000,8/1/1982,0.0,CONT(CONTRACT),0.36,False,AR
16-09898-000,4/21/2025,429500.0,TRWD(TRUSTEES WARRANTY DEED),0.32,True,AR
16-09898-000,10/19/2018,0.0,MEMO(MEMORANDUM),0.32,True,AR
16-09898-000,1/9/2015,0.0,CERT(CERTIFICATE),0.32,True,AR
16-09898-000,2/5/2014,0.0,QCD(QUITCLAIM DEED),0.32,True,AR
16-09898-000,4/23/2004,1000.0,WD(WARRANTY DEED),0.32,True,AR
16-09898-000,4/23/2004,0.0,QCD(QUITCLAIM DEED),0.32,True,AR
16-09898-000,11/3/1988,2500.0,WD(WARRANTY DEED),0.32,True,AR
16-09898-000,10/4/1988,0.0,CONT(CONTRACT),0.32,True,AR
16-09898-000,9/12/1988,0.0,CONT(CONTRACT),0.32,True,AR
16-09898-000,3/10/1987,0.0,CONT(CONTRACT),0.32,True,AR
16-09898-000,1/19/1987,0.0,CONT(CONTRACT),0.32,True,AR
16-09899-000,9/3/2021,0.0,RD(REDEMPTION DEED),0.27,False,TX
16-09899-000,10/30/1981,7000.0,WD(WARRANTY DEED),0.27,False,TX
16-09900-000,10/24/2023,3000.0,COMMD(COMMISSIONERS DEED),0.25,False,AR
16-09900-000,1/5/2007,0.0,MEMO(MEMORANDUM),0.25,False,AR
16-09900-000,12/13/2006,0.0,WD(WARRANTY DEED),0.25,False,AR
16-09900-000,7/23/2005,0.0,DC(DEATH CERTIFICATE),0.25,False,AR
16-09900-000,11/7/1990,0.0,QCD(QUITCLAIM DEED),0.25,False,AR
16-09900-000,1/22/1982,0.0,WD(WARRANTY DEED),0.25,False,AR
16-09901-000,6/24/2022,4000.0,WD(WARRANTY DEED),0.3,False,AR
16-09901-000,3/9/2022,0.0,WD(WARRANTY DEED),0.3,False,AR
16-09901-000,1/29/2022,0.0,QCD(QUITCLAIM DEED),0.3,False,AR
16-09901-000,4/30/2017,0.0,WD(WARRANTY DEED),0.3,False,AR
16-09901-000,8/19/2011,1000.0,SWD(SPECIAL WARRANTY DEED),0.3,False,AR
16-09901-000,5/29/2007,0.0,QCD(QUITCLAIM DEED),0.3,False,AR
16-09901-000,11/3/2006,0.0,WD(WARRANTY DEED),0.3,False,AR
16-09901-000,11/3/2006,0.0,MEMO(MEMORANDUM),0.3,False,AR
16-09901-000,8/2/2004,1000.0,WD(WARRANTY DEED),0.3,False,AR
16-09901-000,6/9/2003,0.0,QCD(QUITCLAIM DEED),0.3,False,AR
16-09901-000,6/12/1985,0.0,WD(WARRANTY DEED),0.3,False,AR
16-09902-000,4/21/2022,0.0,RD(REDEMPTION DEED),0.36,False,FL
16-09902-000,2/17/2017,0.0,RD(REDEMPTION DEED),0.36,False,FL
16-09902-000,8/28/2009,1451000.0,QCD(QUITCLAIM DEED),0.36,False,FL
16-09902-000,8/21/2009,402000.0,DEED(GRANT DEED),0.36,False,FL
16-09902-000,9/15/2008,0.0,DEED(GRANT DEED),0.36,False,FL
16-09902-000,1/19/2006,10000.0,WD(WARRANTY DEED),0.36,False,FL
16-09902-000,9/13/2005,1000.0,WD(WARRANTY DEED),0.36,False,FL
16-09902-000,10/27/2000,0.0,QCD(QUITCLAIM DEED),0.36,False,FL
16-09902-000,6/4/1975,6000.0,WD(WARRANTY DEED),0.36,False,FL
16-09903-000,11/10/1994,0.0,WD(WARRANTY DEED),1.12,False,NC
16-09903-000,1/20/1988,3500.0,WD(WARRANTY DEED),1.12,False,NC
16-09904-000,7/2/2019,0.0,LWD(LIMITED WARRANTY DEED),0.66,False,AR
16-09904-000,9/28/2010,0.0,WD(WARRANTY DEED),0.66,False,AR
16-09904-000,10/25/2005,7000.0,CORRWD(CORRECTED WARRANTY DEED),0.66,False,AR
16-09904-000,10/21/2005,0.0,WD(WARRANTY DEED),0.66,False,AR
16-09904-000,8/3/2004,3000.0,WD(WARRANTY DEED),0.66,False,AR
16-09904-000,11/18/1981,0.0,WD(WARRANTY DEED),0.66,False,AR
16-09905-000,7/25/2019,0.0,CORRWD(CORRECTED WARRANTY DEED),0.38,False,AR
16-09905-000,7/2/2019,0.0,LWD(LIMITED WARRANTY DEED),0.38,False,AR
16-09905-000,9/28/2010,0.0,WD(WARRANTY DEED),0.38,False,AR
16-09905-000,10/25/2005,7000.0,CORRWD(CORRECTED WARRANTY DEED),0.38,False,AR
16-09905-000,10/21/2005,0.0,WD(WARRANTY DEED),0.38,False,AR
16-09905-000,8/31/2004,2000.0,WD(WARRANTY DEED),0.38,False,AR
16-09905-000,12/24/2003,0.0,QCD(QUITCLAIM DEED),0.38,False,AR
16-09905-000,8/26/1985,0.0,WD(WARRANTY DEED),0.38,False,AR
16-09906-000,4/27/2021,4000.0,WD(WARRANTY DEED),0.32,False,CO
16-09906-000,1/9/2017,1000.0,SWD(SPECIAL WARRANTY DEED),0.32,False,CO
16-09906-000,6/18/2014,0.0,COMMD(COMMISSIONERS DEED),0.32,False,CO
16-09906-000,8/8/2013,0.0,RD(REDEMPTION DEED),0.32,False,CO
16-09906-000,3/18/2009,0.0,QCD(QUITCLAIM DEED),0.32,False,CO
16-09906-000,11/24/2008,0.0,WD(WARRANTY DEED),0.32,False,CO
16-09906-000,9/20/2005,5000.0,WD(WARRANTY DEED),0.32,False,CO
16-09906-000,4/23/2003,0.0,QCD(QUITCLAIM DEED),0.32,False,CO
16-09906-000,3/22/1994,0.0,DC(DEATH CERTIFICATE),0.32,False,CO
16-09906-000,8/4/1993,6700.0,WD(WARRANTY DEED),0.32,False,CO
16-09906-000,11/5/1984,0.0,CONT(CONTRACT),0.32,False,CO
16-09906-000,10/29/1984,0.0,CONT(CONTRACT),0.32,False,CO
16-09906-000,3/5/1984,0.0,CONT(CONTRACT),0.32,False,CO
16-09907-000,1/20/2016,0.0,WD(WARRANTY DEED),0.33,False,AR
16-09907-000,1/20/2016,0.0,CERT(CERTIFICATE),0.33,False,AR
16-09907-000,11/22/2011,500.0,COMMD(COMMISSIONERS DEED),0.33,False,AR
16-09907-000,6/14/2011,0.0,RD(REDEMPTION DEED),0.33,False,AR
16-09907-000,11/1/2005,5000.0,WD(WARRANTY DEED),0.33,False,AR
16-09907-000,1/4/1982,0.0,WD(WARRANTY DEED),0.33,False,AR
16-09908-000,1/16/2015,0.0,WD(WARRANTY DEED),0.31,False,TX
16-09908-000,12/16/2005,0.0,DC(DEATH CERTIFICATE),0.31,False,TX
16-09908-000,5/6/1992,0.0,WD(WARRANTY DEED),0.31,False,TX
16-09908-000,5/6/1992,8000.0,WD(WARRANTY DEED),0.31,False,TX
16-09908-000,1/4/1988,0.0,DC(DEATH CERTIFICATE),0.31,False,TX
16-09908-000,1/4/1988,0.0,DC(DEATH CERTIFICATE),0.31,False,TX
16-09909-000,2/28/1992,1000.0,WD(WARRANTY DEED),0.28,False,CA
16-09909-000,1/26/1984,0.0,WD(WARRANTY DEED),0.28,False,CA
16-09910-000,10/21/2020,0.0,OTHER(OTHER DOCUMENT),0.26,True,AR
16-09910-000,11/22/2016,0.0,WD(WARRANTY DEED),0.26,True,AR
16-09910-000,6/10/2014,180000.0,WD(WARRANTY DEED),0.26,True,AR
16-09910-000,8/20/2013,0.0,POA(POWER OF ATTORNEY),0.26,True,AR
16-09910-000,7/20/2010,5000.0,WD(WARRANTY DEED),0.26,True,AR
16-09910-000,7/20/2010,0.0,BOS(BILL OF SALE),0.26,True,AR
16-09910-000,9/24/2003,1000.0,WD(WARRANTY DEED),0.26,True,AR
16-09910-000,10/2/1985,0.0,WD(WARRANTY DEED),0.26,True,AR
16-09911-000,10/21/2020,0.0,OTHER(OTHER DOCUMENT),0.3,True,AR
16-09911-000,11/22/2016,0.0,WD(WARRANTY DEED),0.3,True,AR
16-09911-000,6/10/2014,180000.0,WD(WARRANTY DEED),0.3,True,AR
16-09911-000,12/5/2007,196000.0,WD(WARRANTY DEED),0.3,True,AR
16-09911-000,12/5/2005,208000.0,WD(WARRANTY DEED),0.3,True,AR
16-09911-000,3/23/2004,1000.0,WD(WARRANTY DEED),0.3,True,AR
16-09911-000,3/27/2001,0.0,QCD(QUITCLAIM DEED),0.3,True,AR
16-09911-000,2/13/2001,8000.0,QCD(QUITCLAIM DEED),0.3,True,AR
16-09911-000,11/20/1980,8000.0,WD(WARRANTY DEED),0.3,True,AR
16-09912-000,11/21/2008,203000.0,WD(WARRANTY DEED),0.25,True,AR
16-09912-000,1/11/2008,0.0,COMMD(COMMISSIONERS DEED),0.25,True,AR
16-09912-000,6/6/2007,0.0,WD(WARRANTY DEED),0.25,True,AR
16-09912-000,1/12/2006,0.0,WD(WARRANTY DEED),0.25,True,AR
16-09912-000,1/11/2005,6000.0,WD(WARRANTY DEED),0.25,True,AR
16-09912-000,4/13/2004,1000.0,WD(WARRANTY DEED),0.25,True,AR
16-09912-000,8/18/1997,1000.0,WD(WARRANTY DEED),0.25,True,AR
16-09912-000,11/18/1981,8000.0,WD(WARRANTY DEED),0.25,True,AR
16-09913-000,7/27/2020,2000.0,QCD(QUITCLAIM DEED),0.29,False,AR
16-09913-000,12/10/2014,0.0,RD(REDEMPTION DEED),0.29,False,AR
16-09913-000,4/18/1995,1000.0,WD(WARRANTY DEED),0.29,False,AR
16-09913-000,10/27/1993,1000.0,WD(WARRANTY DEED),0.29,False,AR
16-09913-000,10/27/1993,1000.0,WD(WARRANTY DEED),0.29,False,AR
16-09913-000,10/18/1983,0.0,WD(WARRANTY DEED),0.29,False,AR
16-09914-000,4/10/2015,0.0,RD(REDEMPTION DEED),0.31,False,NY
16-09914-000,10/18/2006,15000.0,WD(WARRANTY DEED),0.31,False,NY
16-09914-000,1/21/2005,1000.0,WD(WARRANTY DEED),0.31,False,NY
16-09914-000,12/13/1993,1000.0,WD(WARRANTY DEED),0.31,False,NY
16-09914-000,12/12/1993,1000.0,WD(WARRANTY DEED),0.31,False,NY
16-09914-000,9/26/1985,6000.0,WD(WARRANTY DEED),0.31,False,NY
16-09915-000,12/18/2020,7500.0,SWD(SPECIAL WARRANTY DEED),0.31,False,FL
16-09915-000,6/15/2010,0.0,SWD(SPECIAL WARRANTY DEED),0.31,False,FL
16-09915-000,9/30/2005,3000.0,WD(WARRANTY DEED),0.31,False,FL
16-09915-000,12/9/1991,0.0,DC(DEATH CERTIFICATE),0.31,False,FL
16-09915-000,11/6/1981,0.0,WD(WARRANTY DEED),0.31,False,FL
16-09916-000,3/18/2013,0.0,QCD(QUITCLAIM DEED),0.32,False,IL
16-09916-000,4/30/2001,0.0,RD(REDEMPTION DEED),0.32,False,IL
16-09916-000,2/23/1993,5000.0,WD(WARRANTY DEED),0.32,False,IL
16-09916-000,9/22/1992,0.0,QCD(QUITCLAIM DEED),0.32,False,IL
16-09916-000,9/9/1992,0.0,RD(REDEMPTION DEED),0.32,False,IL
16-09916-000,1/10/1984,7000.0,WD(WARRANTY DEED),0.32,False,IL
16-09917-000,9/21/2023,36000.0,SWD(SPECIAL WARRANTY DEED),0.3,False,IN
16-09917-000,7/17/2023,10000.0,WD(WARRANTY DEED),0.3,False,IN
16-09917-000,4/8/2021,0.0,LWD(LIMITED WARRANTY DEED),0.3,False,IN
16-09917-000,8/28/2009,1451000.0,QCD(QUITCLAIM DEED),0.3,False,IN
16-09917-000,8/21/2009,402000.0,DEED(GRANT DEED),0.3,False,IN
16-09917-000,9/15/2008,0.0,DEED(GRANT DEED),0.3,False,IN
16-09917-000,2/10/2005,2000.0,WD(WARRANTY DEED),0.3,False,IN
16-09917-000,2/25/2004,0.0,QCD(QUITCLAIM DEED),0.3,False,IN
16-09917-000,11/3/1986,4000.0,WD(WARRANTY DEED),0.3,False,IN
16-09918-000,9/23/2024,0.0,EXD(EXECUTOR-EXECUTRIX DEED),0.29,False,AR
16-09918-000,11/7/2023,0.0,OR(ORDER),0.29,False,AR
16-09918-000,10/3/2023,0.0,DC(DEATH CERTIFICATE),0.29,False,AR
16-09918-000,2/27/2018,10.0,QCD(QUITCLAIM DEED),0.29,False,AR
16-09918-000,3/6/2012,1000.0,SWD(SPECIAL WARRANTY DEED),0.29,False,AR
16-09918-000,2/12/2010,0.0,COMMD(COMMISSIONERS DEED),0.29,False,AR
16-09918-000,12/29/2009,0.0,RD(REDEMPTION DEED),0.29,False,AR
16-09918-000,10/4/2006,0.0,WD(WARRANTY DEED),0.29,False,AR
16-09918-000,10/5/1989,1000.0,WD(WARRANTY DEED),0.29,False,AR
16-09918-000,1/18/1982,4000.0,WD(WARRANTY DEED),0.29,False,AR
16-09919-000,2/27/2012,1000.0,CWD(CORPORATION WARRANTY DEED),0.3,False,GA
16-09919-000,4/29/2009,1000.0,WD(WARRANTY DEED),0.3,False,GA
16-09919-000,2/27/2009,0.0,COMMD(COMMISSIONERS DEED),0.3,False,GA
16-09919-000,12/4/2008,10000.0,WD(WARRANTY DEED),0.3,False,GA
16-09919-000,8/11/2008,0.0,RD(REDEMPTION DEED),0.3,False,GA
16-09919-000,9/4/2007,3000.0,SWD(SPECIAL WARRANTY DEED),0.3,False,GA
16-09919-000,3/23/2004,0.0,WD(WARRANTY DEED),0.3,False,GA
16-09919-000,1/30/1990,0.0,CONT(CONTRACT),0.3,False,GA
16-09919-000,6/17/1989,0.0,CONT(CONTRACT),0.3,False,GA
16-09919-000,4/16/1987,0.0,WD(WARRANTY DEED),0.3,False,GA
16-09920-000,10/24/2024,72000.0,WD(WARRANTY DEED),0.3,False,FL
16-09920-000,5/2/2021,0.0,QCD(QUITCLAIM DEED),0.3,False,FL
16-09920-000,4/9/2021,0.0,LWD(LIMITED WARRANTY DEED),0.3,False,FL
16-09920-000,10/4/2007,84000.0,WD(WARRANTY DEED),0.3,False,FL
16-09920-000,12/9/2005,6000.0,WD(WARRANTY DEED),0.3,False,FL
16-09920-000,7/27/1982,4000.0,WD(WARRANTY DEED),0.3,False,FL
16-09921-000,3/23/2021,0.0,LWD(LIMITED WARRANTY DEED),0.31,False,AR
16-09921-000,3/13/2013,1000.0,COMMD(COMMISSIONERS DEED),0.31,False,AR
16-09921-000,4/2/2007,57000.0,WD(WARRANTY DEED),0.31,False,AR
16-09921-000,10/12/2005,6000.0,WD(WARRANTY DEED),0.31,False,AR
16-09921-000,11/16/1981,0.0,WD(WARRANTY DEED),0.31,False,AR
16-09922-000,4/1/2021,3000.0,WD(WARRANTY DEED),0.32,False,KS
16-09922-000,3/18/2016,7500.0,SWD(SPECIAL WARRANTY DEED),0.32,False,KS
16-09922-000,6/15/2010,0.0,SWD(SPECIAL WARRANTY DEED),0.32,False,KS
16-09922-000,10/11/2005,6000.0,WD(WARRANTY DEED),0.32,False,KS
16-09922-000,6/20/2005,3000.0,WD(WARRANTY DEED),0.32,False,KS
16-09922-000,9/20/1985,3000.0,WD(WARRANTY DEED),0.32,False,KS
16-09922-000,4/12/1985,2000.0,WD(WARRANTY DEED),0.32,False,KS
16-09923-000,3/29/2007,3000.0,WD(WARRANTY DEED),0.32,False,FL
16-09923-000,10/6/2004,1000.0,QCD(QUITCLAIM DEED),0.32,False,FL
16-09923-000,11/29/1979,6000.0,WD(WARRANTY DEED),0.32,False,FL
16-09924-000,2/10/2020,7650.0,SWD(SPECIAL WARRANTY DEED),0.32,False,FL
16-09924-000,6/15/2010,0.0,SWD(SPECIAL WARRANTY DEED),0.32,False,FL
16-09924-000,2/16/2006,75000.0,WD(WARRANTY DEED),0.32,False,FL
16-09924-000,12/9/2005,75000.0,WD(WARRANTY DEED),0.32,False,FL
16-09924-000,9/30/2005,6000.0,WD(WARRANTY DEED),0.32,False,FL
16-09924-000,2/22/1990,8000.0,WD(WARRANTY DEED),0.32,False,FL
16-09924-000,1/24/1986,0.0,WD(WARRANTY DEED),0.32,False,FL
16-09924-000,11/7/1984,8500.0,WD(WARRANTY DEED),0.32,False,FL
16-09925-000,8/7/2023,0.0,QCD(QUITCLAIM DEED),0.33,False,WI
16-09925-000,10/15/2018,0.0,OBIT(OBITUARY),0.33,False,WI
16-09925-000,3/18/2002,0.0,RD(REDEMPTION DEED),0.33,False,WI
16-09925-000,6/3/1993,0.0,RD(REDEMPTION DEED),0.33,False,WI
16-09925-000,4/23/1993,0.0,COMMD(COMMISSIONERS DEED),0.33,False,WI
16-09925-000,3/14/1989,0.0,CONT(CONTRACT),0.33,False,WI
16-09925-000,4/7/1983,0.0,CONT(CONTRACT),0.33,False,WI
16-09926-000,12/1/2008,0.0,CORRWD(CORRECTED WARRANTY DEED),0.35,False,AR
16-09926-000,3/24/2000,1000.0,WD(WARRANTY DEED),0.35,False,AR
16-09926-000,12/28/1999,1000.0,WD(WARRANTY DEED),0.35,False,AR
16-09926-000,10/23/1984,6600.0,WD(WARRANTY DEED),0.35,False,AR
16-09927-000,1/21/2020,0.0,WD(WARRANTY DEED),0.36,False,TX
16-09927-000,4/3/1987,0.0,CONT(CONTRACT),0.36,False,TX
16-09927-000,10/29/1984,5000.0,WD(WARRANTY DEED),0.36,False,TX
16-09927-000,2/26/1984,0.0,DC(DEATH CERTIFICATE),0.36,False,TX
16-09928-000,10/24/2024,72000.0,WD(WARRANTY DEED),0.31,False,FL
16-09928-000,4/23/2021,0.0,LWD(LIMITED WARRANTY DEED),0.31,False,FL
16-09928-000,2/7/1990,0.0,DC(DEATH CERTIFICATE),0.31,False,FL
16-09928-000,11/3/1986,6000.0,WD(WARRANTY DEED),0.31,False,FL
16-09929-000,9/9/2023,10000.0,WD(WARRANTY DEED),0.3,False,AR
16-09929-000,9/8/2023,0.0,QCD(QUITCLAIM DEED),0.3,False,AR
16-09929-000,9/7/2023,25000.0,QCD(QUITCLAIM DEED),0.3,False,AR
16-09929-000,4/8/2021,0.0,LWD(LIMITED WARRANTY DEED),0.3,False,AR
16-09929-000,8/28/2009,1451000.0,QCD(QUITCLAIM DEED),0.3,False,AR
16-09929-000,8/21/2009,402000.0,DEED(GRANT DEED),0.3,False,AR
16-09929-000,9/15/2008,0.0,DEED(GRANT DEED),0.3,False,AR
16-09929-000,12/2/2005,8000.0,WD(WARRANTY DEED),0.3,False,AR
16-09929-000,8/18/2000,0.0,RD(REDEMPTION DEED),0.3,False,AR
16-09929-000,2/22/1990,8000.0,WD(WARRANTY DEED),0.3,False,AR
16-09929-000,4/25/1989,0.0,COMMD(COMMISSIONERS DEED),0.3,False,AR
16-09929-000,10/8/1982,9000.0,WD(WARRANTY DEED),0.3,False,AR
16-09930-000,11/1/2023,1550.0,WD(WARRANTY DEED),0.27,False,AZ
16-09930-000,8/25/2004,1000.0,QCD(QUITCLAIM DEED),0.27,False,AZ
16-09930-000,4/23/2004,0.0,QCD(QUITCLAIM DEED),0.27,False,AZ
16-09930-000,8/6/2003,1000.0,QCD(QUITCLAIM DEED),0.27,False,AZ
16-09930-000,7/22/2003,1000.0,QCD(QUITCLAIM DEED),0.27,False,AZ
16-09930-000,7/11/2001,1000.0,WD(WARRANTY DEED),0.27,False,AZ
16-09930-000,12/16/1996,0.0,DC(DEATH CERTIFICATE),0.27,False,AZ
16-09930-000,2/21/1985,7000.0,WD(WARRANTY DEED),0.27,False,AZ
16-09931-000,5/31/2024,2000.0,WD(WARRANTY DEED),0.32,False,AR
16-09931-000,5/23/2022,0.0,LWD(LIMITED WARRANTY DEED),0.32,False,AR
16-09931-000,4/3/2015,0.0,CERT(CERTIFICATE),0.32,False,AR
16-09931-000,12/3/2004,0.0,DC(DEATH CERTIFICATE),0.32,False,AR
16-09931-000,3/27/1992,0.0,COMMD(COMMISSIONERS DEED),0.32,False,AR
16-09931-000,9/10/1991,0.0,RD(REDEMPTION DEED),0.32,False,AR
16-09931-000,8/18/1987,0.0,DC(DEATH CERTIFICATE),0.32,False,AR
16-09931-000,3/12/1979,7000.0,WD(WARRANTY DEED),0.32,False,AR
16-09932-000,7/11/2014,0.0,QCD(QUITCLAIM DEED),0.29,False,MO
16-09932-000,6/4/2009,0.0,RD(REDEMPTION DEED),0.29,False,MO
16-09932-000,8/11/1988,0.0,WD(WARRANTY DEED),0.29,False,MO
16-09932-000,2/9/1988,0.0,CONT(CONTRACT),0.29,False,MO
16-09932-000,8/1/1982,0.0,CONT(CONTRACT),0.29,False,MO
16-09933-000,10/9/1990,3000.0,WD(WARRANTY DEED),0.3,False,TN
16-09933-000,2/15/1985,0.0,WD(WARRANTY DEED),0.3,False,TN
16-09934-000,6/2/2023,5750.0,WD(WARRANTY DEED),0.3,False,CO
16-09934-000,12/30/2022,2200.0,WD(WARRANTY DEED),0.3,False,CO
16-09934-000,3/15/2007,0.0,RD(REDEMPTION DEED),0.3,False,CO
16-09934-000,4/22/2004,0.0,RD(REDEMPTION DEED),0.3,False,CO
16-09934-000,6/17/1999,4000.0,WD(WARRANTY DEED),0.3,False,CO
16-09934-000,12/28/1994,0.0,WD(WARRANTY DEED),0.3,False,CO
16-09934-000,2/28/1994,0.0,WD(WARRANTY DEED),0.3,False,CO
16-09934-000,12/21/1984,6300.0,WD(WARRANTY DEED),0.3,False,CO
16-09934-000,7/14/1984,0.0,CONT(CONTRACT),0.3,False,CO
16-09935-000,7/25/2023,320000.0,WD(WARRANTY DEED),0.29,True,CO
16-09935-000,2/18/2022,4000.0,WD(WARRANTY DEED),0.29,True,CO
16-09935-000,4/14/2021,3000.0,WD(WARRANTY DEED),0.29,True,CO
16-09935-000,10/24/2017,0.0,WD(WARRANTY DEED),0.29,True,CO
16-09935-000,10/24/2017,0.0,CERT(CERTIFICATE),0.29,True,CO
16-09935-000,3/21/2003,1000.0,WD(WARRANTY DEED),0.29,True,CO
16-09935-000,11/25/1997,1000.0,WD(WARRANTY DEED),0.29,True,CO
16-09935-000,1/21/1982,6000.0,WD(WARRANTY DEED),0.29,True,CO
16-09936-000,8/31/2023,5500.0,WD(WARRANTY DEED),0.3,False,CO
16-09936-000,7/28/2023,5000.0,WD(WARRANTY DEED),0.3,False,CO
16-09936-000,7/14/1983,7000.0,WD(WARRANTY DEED),0.3,False,CO
16-09937-000,5/7/2025,8334.0,WD(WARRANTY DEED),0.29,False,AR
16-09937-000,12/12/2022,13000.0,WD(WARRANTY DEED),0.29,False,AR
16-09937-000,4/8/2021,0.0,LWD(LIMITED WARRANTY DEED),0.29,False,AR
16-09937-000,4/4/2013,32000.0,SWD(SPECIAL WARRANTY DEED),0.29,False,AR
16-09937-000,4/3/2013,2000.0,WD(WARRANTY DEED),0.29,False,AR
16-09937-000,4/1/2013,1000.0,SWD(SPECIAL WARRANTY DEED),0.29,False,AR
16-09937-000,11/21/2011,0.0,COMMD(COMMISSIONERS DEED),0.29,False,AR
16-09937-000,4/26/2006,78000.0,WD(WARRANTY DEED),0.29,False,AR
16-09937-000,8/7/2001,0.0,WD(WARRANTY DEED),0.29,False,AR
16-09937-000,12/14/1989,6000.0,WD(WARRANTY DEED),0.29,False,AR
16-09938-000,6/27/2024,18000.0,WD(WARRANTY DEED),0.37,False,AR
16-09938-000,2/12/2024,0.0,DC(DEATH CERTIFICATE),0.37,False,AR
16-09938-000,9/30/1998,0.0,RD(REDEMPTION DEED),0.37,False,AR
16-09938-000,7/3/1993,1000.0,WD(WARRANTY DEED),0.37,False,AR
16-09938-000,12/23/1987,0.0,QCD(QUITCLAIM DEED),0.37,False,AR
16-09938-000,11/27/1978,0.0,WD(WARRANTY DEED),0.37,False,AR
16-09939-000,1/10/2022,17900.0,WD(WARRANTY DEED),0.28,False,AR
16-09939-000,9/27/2019,2000.0,WD(WARRANTY DEED),0.28,False,AR
16-09939-000,3/30/2006,11000.0,WD(WARRANTY DEED),0.28,False,AR
16-09939-000,7/18/1997,0.0,WD(WARRANTY DEED),0.28,False,AR
16-09939-000,11/9/1993,1000.0,WD(WARRANTY DEED),0.28,False,AR
16-09939-000,11/9/1993,1000.0,WD(WARRANTY DEED),0.28,False,AR
16-09939-000,8/26/1993,0.0,CONT(CONTRACT),0.28,False,AR
16-09939-000,10/11/1990,0.0,CONT(CONTRACT),0.28,False,AR
16-09940-000,2/21/2019,0.0,QCD(QUITCLAIM DEED),0.29,False,AR
16-09940-000,1/2/2003,0.0,QCD(QUITCLAIM DEED),0.29,False,AR
16-09940-000,9/21/1990,0.0,OR(ORDER),0.29,False,AR
16-09940-000,9/21/1990,0.0,HIST(HISTORICAL),0.29,False,AR
16-09941-000,10/24/2024,12000.0,WD(WARRANTY DEED),0.32,False,AR
16-09941-000,7/11/2022,8000.0,WD(WARRANTY DEED),0.32,False,AR
16-09941-000,3/7/2018,0.0,QCD(QUITCLAIM DEED),0.32,False,AR
16-09941-000,6/28/2017,0.0,WD(WARRANTY DEED),0.32,False,AR
16-09941-000,10/28/2002,0.0,QCD(QUITCLAIM DEED),0.32,False,AR
16-09941-000,1/24/2002,0.0,DC(DEATH CERTIFICATE),0.32,False,AR
16-09941-000,7/16/2001,0.0,WD(WARRANTY DEED),0.32,False,AR
16-09941-000,8/9/1999,1000.0,CORRWD(CORRECTED WARRANTY DEED),0.32,False,AR
16-09941-000,1/16/1990,1000.0,WD(WARRANTY DEED),0.32,False,AR
16-09941-000,9/16/1983,7000.0,WD(WARRANTY DEED),0.32,False,AR
16-09941-000,6/1/1983,0.0,CONT(CONTRACT),0.32,False,AR
16-09942-000,11/11/2020,2000.0,WD(WARRANTY DEED),0.27,False,AR
16-09942-000,3/11/2020,0.0,DC(DEATH CERTIFICATE),0.27,False,AR
16-09942-000,11/17/1998,0.0,RD(REDEMPTION DEED),0.27,False,AR
16-09942-000,7/9/1984,0.0,WD(WARRANTY DEED),0.27,False,AR
16-09942-000,6/6/1984,0.0,HIST(HISTORICAL),0.27,False,AR
16-09943-000,3/25/2016,0.0,QCD(QUITCLAIM DEED),0.28,False,OK
16-09943-000,3/25/2016,0.0,MEMO(MEMORANDUM),0.28,False,OK
16-09943-000,10/13/1995,4000.0,WD(WARRANTY DEED),0.28,False,OK
16-09943-000,10/7/1991,0.0,WD(WARRANTY DEED),0.28,False,OK
16-09943-000,4/25/1991,0.0,COMMD(COMMISSIONERS DEED),0.28,False,OK
16-09943-000,12/17/1990,0.0,RD(REDEMPTION DEED),0.28,False,OK
16-09943-000,11/8/1984,0.0,WD(WARRANTY DEED),0.28,False,OK
16-09944-000,5/25/2022,0.0,LWD(LIMITED WARRANTY DEED),0.27,False,CO
16-09944-000,12/10/2012,1000.0,WD(WARRANTY DEED),0.27,False,CO
16-09944-000,6/7/2012,38000.0,SWD(SPECIAL WARRANTY DEED),0.27,False,CO
16-09944-000,3/23/2010,0.0,MTG-D(MORTGAGEE'S DEED),0.27,False,CO
16-09944-000,3/29/2007,128000.0,WD(WARRANTY DEED),0.27,False,CO
16-09944-000,4/8/2004,1000.0,WD(WARRANTY DEED),0.27,False,CO
16-09944-000,9/24/1982,9000.0,WD(WARRANTY DEED),0.27,False,CO
16-09945-000,5/16/2025,8334.0,WD(WARRANTY DEED),0.25,False,AR
16-09945-000,4/8/2024,5000.0,COMMD(COMMISSIONERS DEED),0.25,False,AR
16-09945-000,5/19/2004,0.0,QCD(QUITCLAIM DEED),0.25,False,AR
16-09945-000,8/20/1984,2000.0,WD(WARRANTY DEED),0.25,False,AR
16-09946-000,3/26/2012,0.0,SWD(SPECIAL WARRANTY DEED),0.24,False,AR
16-09946-000,12/9/2008,0.0,COMMD(COMMISSIONERS DEED),0.24,False,AR
16-09946-000,7/21/1993,0.0,DC(DEATH CERTIFICATE),0.24,False,AR
16-09946-000,12/20/1988,7500.0,WD(WARRANTY DEED),0.24,False,AR
16-09946-000,2/5/1986,0.0,WD(WARRANTY DEED),0.24,False,AR
16-09946-000,3/8/1985,3000.0,QCD(QUITCLAIM DEED),0.24,False,AR
16-09947-000,9/3/2010,1000.0,QCD(QUITCLAIM DEED),0.25,False,AR
16-09947-000,12/14/2006,0.0,CERT(CERTIFICATE),0.25,False,AR
16-09947-000,9/15/1997,0.0,QCD(QUITCLAIM DEED),0.25,False,AR
16-09947-000,6/15/1990,2000.0,WD(WARRANTY DEED),0.25,False,AR
16-09947-000,8/1/1985,0.0,WD(WARRANTY DEED),0.25,False,AR
16-09948-000,2/5/2021,570000.0,WD(WARRANTY DEED),0.25,False,AR
16-09948-000,11/18/2016,475000.0,WD(WARRANTY DEED),0.25,False,AR
16-09948-000,12/29/2009,4000.0,WD(WARRANTY DEED),0.25,False,AR
16-09948-000,11/1/2005,7000.0,WD(WARRANTY DEED),0.25,False,AR
16-09948-000,10/25/1990,9000.0,WD(WARRANTY DEED),0.25,False,AR
16-09949-000,2/5/2021,570000.0,WD(WARRANTY DEED),0.3,True,AR
16-09949-000,11/18/2016,475000.0,WD(WARRANTY DEED),0.3,True,AR
16-09949-000,12/10/2009,277000.0,SWD(SPECIAL WARRANTY DEED),0.3,True,AR
16-09949-000,6/29/2009,0.0,MTG-D(MORTGAGEE'S DEED),0.3,True,AR
16-09949-000,11/1/2005,0.0,WD(WARRANTY DEED),0.3,True,AR
16-09949-000,3/21/2000,0.0,QCD(QUITCLAIM DEED),0.3,True,AR
16-09949-000,5/25/1999,0.0,QCD(QUITCLAIM DEED),0.3,True,AR
16-09949-000,2/26/1996,0.0,QCD(QUITCLAIM DEED),0.3,True,AR
16-09949-000,4/29/1991,2000.0,WD(WARRANTY DEED),0.3,True,AR
16-09949-000,11/26/1984,7000.0,WD(WARRANTY DEED),0.3,True,AR
16-09950-000,6/26/2013,2333.0,WD(WARRANTY DEED),0.26,False,CA
16-09950-000,6/27/2011,8000.0,WD(WARRANTY DEED),0.26,False,CA
16-09950-000,5/2/2011,0.0,WD(WARRANTY DEED),0.26,False,CA
16-09950-000,1/2/2011,0.0,WD(WARRANTY DEED),0.26,False,CA
16-09950-000,8/6/2005,37000.0,WD(WARRANTY DEED),0.26,False,CA
16-09950-000,5/5/2004,1000.0,WD(WARRANTY DEED),0.26,False,CA
16-09950-000,1/24/1996,1000.0,QCD(QUITCLAIM DEED),0.26,False,CA
16-09950-000,11/29/1995,0.0,QCD(QUITCLAIM DEED),0.26,False,CA
16-09950-000,7/2/1993,1000.0,COMMD(COMMISSIONERS DEED),0.26,False,CA
16-09950-000,6/14/1985,9000.0,WD(WARRANTY DEED),0.26,False,CA
16-09951-000,3/26/2010,2000.0,WD(WARRANTY DEED),0.28,False,AR
16-09951-000,12/3/2009,0.0,CORRWD(CORRECTED WARRANTY DEED),0.28,False,AR
16-09951-000,12/3/2009,0.0,WD(WARRANTY DEED),0.28,False,AR
16-09951-000,10/27/1997,3000.0,WD(WARRANTY DEED),0.28,False,AR
16-09951-000,10/9/1997,0.0,RD(REDEMPTION DEED),0.28,False,AR
16-09951-000,8/1/1982,0.0,CONT(CONTRACT),0.28,False,AR
16-09952-000,3/5/2005,0.0,DC(DEATH CERTIFICATE),0.27,False,OK
16-09952-000,4/4/1994,0.0,WD(WARRANTY DEED),0.27,False,OK
16-09952-000,3/10/1989,0.0,DC(DEATH CERTIFICATE),0.27,False,OK
16-09952-000,1/7/1985,8000.0,WD(WARRANTY DEED),0.27,False,OK
16-09953-000,9/5/2008,0.0,CERT(CERTIFICATE),0.28,False,AR
16-09953-000,9/5/2008,0.0,WD(WARRANTY DEED),0.28,False,AR
16-09953-000,7/29/2002,0.0,QCD(QUITCLAIM DEED),0.28,False,AR
16-09953-000,7/29/2002,0.0,QCD(QUITCLAIM DEED),0.28,False,AR
16-09953-000,11/15/1991,0.0,QCD(QUITCLAIM DEED),0.28,False,AR
16-09953-000,11/7/1991,1000.0,WD(WARRANTY DEED),0.28,False,AR
16-09953-000,10/3/1990,0.0,QCD(QUITCLAIM DEED),0.28,False,AR
16-09953-000,6/17/1988,0.0,ML(MARRIAGE LICENSE),0.28,False,AR
16-09953-000,7/16/1985,7000.0,WD(WARRANTY DEED),0.28,False,AR
16-09954-000,4/23/2015,0.0,QCD(QUITCLAIM DEED),0.25,False,AR
16-09954-000,4/6/1998,0.0,WD(WARRANTY DEED),0.25,False,AR
16-09954-000,2/7/1998,0.0,DC(DEATH CERTIFICATE),0.25,False,AR
16-09954-000,5/12/1992,1000.0,WD(WARRANTY DEED),0.25,False,AR
16-09954-000,5/8/1992,0.0,QCD(QUITCLAIM DEED),0.25,False,AR
16-09954-000,6/16/1987,5000.0,WD(WARRANTY DEED),0.25,False,AR
16-09954-000,2/27/1987,0.0,QCD(QUITCLAIM DEED),0.25,False,AR
16-09954-000,2/25/1985,8000.0,WD(WARRANTY DEED),0.25,False,AR
16-09955-000,6/14/2024,0.0,QCD(QUITCLAIM DEED),0.23,False,AR
16-09955-000,6/18/2018,0.0,QCD(QUITCLAIM DEED),0.23,False,AR
16-09955-000,12/16/2016,0.0,WD(WARRANTY DEED),0.23,False,AR
16-09955-000,8/5/2015,1000.0,QCD(QUITCLAIM DEED),0.23,False,AR
16-09955-000,3/7/2006,10000.0,WD(WARRANTY DEED),0.23,False,AR
16-09955-000,11/2/2005,8000.0,WD(WARRANTY DEED),0.23,False,AR
16-09955-000,3/5/1986,6000.0,WD(WARRANTY DEED),0.23,False,AR
16-09956-000,7/8/2011,16000.0,WD(WARRANTY DEED),0.32,False,FL
16-09956-000,11/24/2008,0.0,WD(WARRANTY DEED),0.32,False,FL
16-09956-000,3/31/2006,430000.0,WD(WARRANTY DEED),0.32,False,FL
16-09956-000,11/7/2005,5000.0,WD(WARRANTY DEED),0.32,False,FL
16-09956-000,10/4/1999,0.0,RD(REDEMPTION DEED),0.32,False,FL
16-09956-000,6/4/1990,2000.0,WD(WARRANTY DEED),0.32,False,FL
16-09956-000,1/1/1982,0.0,WD(WARRANTY DEED),0.32,False,FL
16-09957-000,9/8/2023,0.0,QCD(QUITCLAIM DEED),0.29,False,AR
16-09957-000,10/9/1978,7000.0,WD(WARRANTY DEED),0.29,False,AR
16-09958-000,6/1/2022,0.0,BD(BENEFICIARY DEED),0.24,False,AR
16-09958-000,2/7/1995,0.0,QCD(QUITCLAIM DEED),0.24,False,AR
16-09958-000,9/15/1990,1000.0,TRD(TRUSTEES DEED),0.24,False,AR
16-09958-000,5/7/1987,15000.0,WD(WARRANTY DEED),0.24,False,AR
16-09958-000,5/9/1985,2000.0,WD(WARRANTY DEED),0.24,False,AR
16-09959-000,3/26/2019,0.0,WD(WARRANTY DEED),0.33,False,MO
16-09959-000,1/23/2019,0.0,AFF(AFFIDAVIT),0.33,False,MO
16-09959-000,5/12/2005,0.0,WD(WARRANTY DEED),0.33,False,MO
16-09959-000,7/21/1994,1000.0,WD(WARRANTY DEED),0.33,False,MO
16-09959-000,7/21/1994,1000.0,QCD(QUITCLAIM DEED),0.33,False,MO
16-09959-000,7/21/1994,0.0,DC(DEATH CERTIFICATE),0.33,False,MO
16-09959-000,4/18/1990,0.0,WILL(WILL),0.33,False,MO
16-09959-000,1/25/1983,0.0,WD(WARRANTY DEED),0.33,False,MO
16-09960-000,6/5/2020,1100.0,WD(WARRANTY DEED),0.35,False,AR
16-09960-000,8/31/2012,0.0,WD(WARRANTY DEED),0.35,False,AR
16-09960-000,2/15/2005,1000.0,WD(WARRANTY DEED),0.35,False,AR
16-09960-000,1/23/2002,1000.0,WD(WARRANTY DEED),0.35,False,AR
16-09960-000,6/4/2000,0.0,DC(DEATH CERTIFICATE),0.35,False,AR
16-09960-000,7/29/1991,0.0,WD(WARRANTY DEED),0.35,False,AR
16-09960-000,2/22/1991,1000.0,WD(WARRANTY DEED),0.35,False,AR
16-09960-000,7/30/1990,0.0,WD(WARRANTY DEED),0.35,False,AR
16-09960-000,5/9/1990,1000.0,WD(WARRANTY DEED),0.35,False,AR
16-09960-000,9/19/1984,7000.0,WD(WARRANTY DEED),0.35,False,AR
16-09961-000,9/20/2019,1000.0,WD(WARRANTY DEED),0.27,False,AR
16-09961-000,1/16/2008,0.0,CERT(CERTIFICATE),0.27,False,AR
16-09961-000,1/16/2008,0.0,BD(BENEFICIARY DEED),0.27,False,AR
16-09961-000,7/5/1995,0.0,QCD(QUITCLAIM DEED),0.27,False,AR
16-09961-000,1/17/1992,1000.0,WD(WARRANTY DEED),0.27,False,AR
16-09961-000,10/2/1990,1000.0,WD(WARRANTY DEED),0.27,False,AR
16-09961-000,5/18/1990,0.0,OR(ORDER),0.27,False,AR
16-09961-000,1/11/1989,0.0,OBIT(OBITUARY),0.27,False,AR
16-09961-000,6/16/1982,7000.0,WD(WARRANTY DEED),0.27,False,AR
16-09962-000,8/26/2019,1000.0,WD(WARRANTY DEED),0.27,False,AR
16-09962-000,5/29/2001,0.0,WD(WARRANTY DEED),0.27,False,AR
16-09962-000,11/5/1996,0.0,WD(WARRANTY DEED),0.27,False,AR
16-09962-000,6/13/1996,1000.0,CWD(CORPORATION WARRANTY DEED),0.27,False,AR
16-09962-000,6/13/1996,1000.0,WD(WARRANTY DEED),0.27,False,AR
16-09962-000,6/19/1995,1000.0,QCD(QUITCLAIM DEED),0.27,False,AR
16-09962-000,6/6/1995,1000.0,WD(WARRANTY DEED),0.27,False,AR
16-09962-000,1/21/1985,7000.0,WD(WARRANTY DEED),0.27,False,AR
16-09963-000,12/31/2024,10000.0,WD(WARRANTY DEED),0.3,False,AR
16-09963-000,4/8/2021,4000.0,WD(WARRANTY DEED),0.3,False,AR
16-09963-000,4/1/2019,200.0,SWD(SPECIAL WARRANTY DEED),0.3,False,AR
16-09963-000,6/18/2014,0.0,COMMD(COMMISSIONERS DEED),0.3,False,AR
16-09963-000,3/18/2009,0.0,QCD(QUITCLAIM DEED),0.3,False,AR
16-09963-000,11/24/2008,0.0,WD(WARRANTY DEED),0.3,False,AR
16-09963-000,1/20/2006,9000.0,WD(WARRANTY DEED),0.3,False,AR
16-09963-000,1/10/1985,0.0,WD(WARRANTY DEED),0.3,False,AR
16-09963-000,7/29/1981,0.0,CONT(CONTRACT),0.3,False,AR
16-09963-000,1/19/1981,6950.0,WD(WARRANTY DEED),0.3,False,AR
16-09964-000,11/28/2023,4000.0,WD(WARRANTY DEED),0.43,False,AZ
16-09964-000,12/19/2022,1800.0,WD(WARRANTY DEED),0.43,False,AZ
16-09964-000,12/19/2011,1000.0,CWD(CORPORATION WARRANTY DEED),0.43,False,AZ
16-09964-000,12/2/2005,5000.0,WD(WARRANTY DEED),0.43,False,AZ
16-09964-000,8/30/1990,5500.0,WD(WARRANTY DEED),0.43,False,AZ
16-09964-000,6/29/1990,0.0,CONT(CONTRACT),0.43,False,AZ
16-09964-000,4/30/1985,0.0,DC(DEATH CERTIFICATE),0.43,False,AZ
16-09964-000,6/29/1982,5000.0,WD(WARRANTY DEED),0.43,False,AZ
16-09965-000,3/26/2020,1000.0,CORRQC(CORRECTED QUIT CLAIM DEED),1.43,False,AR
16-09965-000,2/14/2020,0.0,QCD(QUITCLAIM DEED),1.43,False,AR
16-09965-000,8/11/1994,1000.0,WD(WARRANTY DEED),1.43,False,AR
16-09965-000,1/24/1985,0.0,WD(WARRANTY DEED),1.43,False,AR
16-09966-000,4/5/2018,0.0,QCD(QUITCLAIM DEED),0.37,False,AR
16-09966-000,2/26/2018,0.0,QCD(QUITCLAIM DEED),0.37,False,AR
16-09966-000,2/8/2017,0.0,BD(BENEFICIARY DEED),0.37,False,AR
16-09966-000,11/24/2000,1000.0,WD(WARRANTY DEED),0.37,False,AR
16-09966-000,11/1/1981,0.0,CONT(CONTRACT),0.37,False,AR
16-09966-000,10/21/1981,7000.0,WD(WARRANTY DEED),0.37,False,AR
16-09967-000,11/26/2024,88000.0,WD(WARRANTY DEED),0.32,False,FL
16-09967-000,11/26/2024,0.0,QCD(QUITCLAIM DEED),0.32,False,FL
16-09967-000,4/8/2021,0.0,LWD(LIMITED WARRANTY DEED),0.32,False,FL
16-09967-000,8/28/2009,1451000.0,QCD(QUITCLAIM DEED),0.32,False,FL
16-09967-000,8/21/2009,402000.0,DEED(GRANT DEED),0.32,False,FL
16-09967-000,9/15/2008,0.0,DEED(GRANT DEED),0.32,False,FL
16-09967-000,12/27/2005,10000.0,WD(WARRANTY DEED),0.32,False,FL
16-09967-000,7/6/1998,8000.0,WD(WARRANTY DEED),0.32,False,FL
16-09967-000,1/1/1800,0.0,CONT(CONTRACT),0.32,False,FL
16-09968-000,5/30/2025,3000.0,WD(WARRANTY DEED),0.32,False,MO
16-09968-000,11/13/1992,1000.0,CWD(CORPORATION WARRANTY DEED),0.32,False,MO
16-09968-000,11/12/1992,1000.0,WD(WARRANTY DEED),0.32,False,MO
16-09968-000,6/11/1992,0.0,WD(WARRANTY DEED),0.32,False,MO
16-09968-000,10/19/1981,0.0,WD(WARRANTY DEED),0.32,False,MO
16-09969-000,7/6/2023,10000.0,WD(WARRANTY DEED),0.28,False,AR
16-09969-000,4/8/2021,0.0,LWD(LIMITED WARRANTY DEED),0.28,False,AR
16-09969-000,4/7/2017,0.0,QCD(QUITCLAIM DEED),0.28,False,AR
16-09969-000,4/7/2017,0.0,QCD(QUITCLAIM DEED),0.28,False,AR
16-09969-000,8/1/2013,1000.0,COMMD(COMMISSIONERS DEED),0.28,False,AR
16-09969-000,6/24/2013,218000.0,SWD(SPECIAL WARRANTY DEED),0.28,False,AR
16-09969-000,12/13/2012,0.0,RD(REDEMPTION DEED),0.28,False,AR
16-09969-000,2/24/2005,1000.0,WD(WARRANTY DEED),0.28,False,AR
16-09969-000,6/1/1983,0.0,CONT(CONTRACT),0.28,False,AR
16-09969-000,11/19/1939,7500.0,WD(WARRANTY DEED),0.28,False,AR
16-09970-000,7/26/2021,1000.0,WD(WARRANTY DEED),0.34,False,AR
16-09970-000,4/29/2021,0.0,DC(DEATH CERTIFICATE),0.34,False,AR
16-09970-000,7/20/2011,325.0,WD(WARRANTY DEED),0.34,False,AR
16-09970-000,10/17/2002,0.0,RD(REDEMPTION DEED),0.34,False,AR
16-09970-000,3/3/1995,0.0,DC(DEATH CERTIFICATE),0.34,False,AR
16-09970-000,4/13/1989,1000.0,WD(WARRANTY DEED),0.34,False,AR
16-09970-000,3/5/1986,0.0,CONT(CONTRACT),0.34,False,AR
16-09970-000,4/11/1985,0.0,CONT(CONTRACT),0.34,False,AR
16-09971-000,1/29/2024,10000.0,WD(WARRANTY DEED),0.33,False,AR
16-09971-000,1/4/2024,1750.0,WD(WARRANTY DEED),0.33,False,AR
16-09971-000,10/1/2023,0.0,OBIT(OBITUARY),0.33,False,AR
16-09971-000,11/12/2009,0.0,RD(REDEMPTION DEED),0.33,False,AR
16-09971-000,5/28/2003,0.0,DC(DEATH CERTIFICATE),0.33,False,AR
16-09971-000,10/21/1993,0.0,BD(BENEFICIARY DEED),0.33,False,AR
16-09971-000,4/17/1988,0.0,DC(DEATH CERTIFICATE),0.33,False,AR
16-09971-000,8/6/1982,7000.0,WD(WARRANTY DEED),0.33,False,AR
16-09972-000,3/3/2016,8000.0,SWD(SPECIAL WARRANTY DEED),0.29,False,FL
16-09972-000,3/2/2016,8000.0,SWD(SPECIAL WARRANTY DEED),0.29,False,FL
16-09972-000,6/15/2010,0.0,SWD(SPECIAL WARRANTY DEED),0.29,False,FL
16-09972-000,10/21/2005,6000.0,WD(WARRANTY DEED),0.29,False,FL
16-09972-000,1/18/2001,0.0,WD(WARRANTY DEED),0.29,False,FL
16-09972-000,3/10/1988,6000.0,WD(WARRANTY DEED),0.29,False,FL
16-09973-000,4/1/2019,200.0,SWD(SPECIAL WARRANTY DEED),0.3,False,AR
16-09973-000,8/1/2012,0.0,RD(REDEMPTION DEED),0.3,False,AR
16-09973-000,6/9/2012,0.0,QCD(QUITCLAIM DEED),0.3,False,AR
16-09973-000,8/25/2008,0.0,QCD(QUITCLAIM DEED),0.3,False,AR
16-09973-000,8/13/2006,0.0,DC(DEATH CERTIFICATE),0.3,False,AR
16-09973-000,3/20/2006,10000.0,WD(WARRANTY DEED),0.3,False,AR
16-09973-000,12/13/1996,0.0,QCD(QUITCLAIM DEED),0.3,False,AR
16-09973-000,2/1/1982,0.0,WD(WARRANTY DEED),0.3,False,AR
16-09973-000,7/18/1981,6000.0,WD(WARRANTY DEED),0.3,False,AR
16-09974-000,3/11/2024,4000.0,WD(WARRANTY DEED),0.3,False,AR
16-09974-000,8/31/1996,0.0,ML(MARRIAGE LICENSE),0.3,False,AR
16-09974-000,9/15/1986,0.0,WD(WARRANTY DEED),0.3,False,AR
16-09974-000,9/13/1985,6000.0,WD(WARRANTY DEED),0.3,False,AR
16-09975-000,9/12/2023,0.0,SWD(SPECIAL WARRANTY DEED),0.31,False,AR
16-09975-000,8/22/2022,8800.0,SWD(SPECIAL WARRANTY DEED),0.31,False,AR
16-09975-000,6/30/2022,0.0,QCD(QUITCLAIM DEED),0.31,False,AR
16-09975-000,4/24/2019,0.0,QCD(QUITCLAIM DEED),0.31,False,AR
16-09975-000,3/23/2007,0.0,WD(WARRANTY DEED),0.31,False,AR
16-09975-000,3/23/2007,0.0,WD(WARRANTY DEED),0.31,False,AR
16-09975-000,10/11/2006,0.0,DC(DEATH CERTIFICATE),0.31,False,AR
16-09975-000,12/2/1991,0.0,QCD(QUITCLAIM DEED),0.31,False,AR
16-09975-000,11/13/1991,0.0,CERT(CERTIFICATE),0.31,False,AR
16-09975-000,11/13/1991,0.0,QCD(QUITCLAIM DEED),0.31,False,AR
16-09975-000,1/24/1989,0.0,DC(DEATH CERTIFICATE),0.31,False,AR
16-09975-000,1/30/1985,6800.0,WD(WARRANTY DEED),0.31,False,AR
16-09976-000,5/16/2025,8334.0,WD(WARRANTY DEED),0.29,False,AR
16-09976-000,6/10/2024,7000.0,WD(WARRANTY DEED),0.29,False,AR
16-09976-000,6/7/2024,0.0,AOH(AFFIDAVIT OF HEIRSHIP),0.29,False,AR
16-09976-000,6/7/2024,0.0,AOH(AFFIDAVIT OF HEIRSHIP),0.29,False,AR
16-09976-000,6/8/2019,0.0,DC(DEATH CERTIFICATE),0.29,False,AR
16-09976-000,7/20/2012,0.0,RD(REDEMPTION DEED),0.29,False,AR
16-09976-000,6/28/2012,1000.0,SWD(SPECIAL WARRANTY DEED),0.29,False,AR
16-09976-000,12/3/2011,0.0,QCD(QUITCLAIM DEED),0.29,False,AR
16-09976-000,11/28/2011,0.0,QCD(QUITCLAIM DEED),0.29,False,AR
16-09976-000,3/18/1998,1000.0,WD(WARRANTY DEED),0.29,False,AR
16-09976-000,9/1/1980,0.0,WD(WARRANTY DEED),0.29,False,AR
16-09977-000,2/13/2013,0.0,WD(WARRANTY DEED),0.31,False,MO
16-09977-000,2/1/2013,0.0,QCD(QUITCLAIM DEED),0.31,False,MO
16-09977-000,11/15/1985,7000.0,WD(WARRANTY DEED),0.31,False,MO
16-09977-000,4/25/1978,0.0,QCD(QUITCLAIM DEED),0.31,False,MO
16-09978-000,8/24/2021,5000.0,SWD(SPECIAL WARRANTY DEED),0.32,False,IL
16-09978-000,3/25/2021,0.0,LWD(LIMITED WARRANTY DEED),0.32,False,IL
16-09978-000,11/20/2012,0.0,LWD(LIMITED WARRANTY DEED),0.32,False,IL
16-09978-000,1/4/2006,2000.0,WD(WARRANTY DEED),0.32,False,IL
16-09978-000,9/27/2004,1000.0,WD(WARRANTY DEED),0.32,False,IL
16-09978-000,9/9/1985,0.0,WD(WARRANTY DEED),0.32,False,IL
16-09979-000,11/25/2024,35000.0,WD(WARRANTY DEED),0.32,False,UT
16-09979-000,6/20/2022,7000.0,WD(WARRANTY DEED),0.32,False,UT
16-09979-000,3/30/1987,3000.0,WD(WARRANTY DEED),0.32,False,UT
16-09980-000,11/25/2024,35000.0,WD(WARRANTY DEED),0.33,False,UT
16-09980-000,6/22/2022,5000.0,WD(WARRANTY DEED),0.33,False,UT
16-09980-000,12/16/2020,1250.0,SWD(SPECIAL WARRANTY DEED),0.33,False,UT
16-09980-000,11/30/2020,0.0,QCD(QUITCLAIM DEED),0.33,False,UT
16-09980-000,6/28/2016,0.0,DC(DEATH CERTIFICATE),0.33,False,UT
16-09980-000,12/30/2014,0.0,DC(DEATH CERTIFICATE),0.33,False,UT
16-09980-000,5/6/2009,0.0,AFF(AFFIDAVIT),0.33,False,UT
16-09980-000,5/6/2009,0.0,QCD(QUITCLAIM DEED),0.33,False,UT
16-09980-000,8/16/1989,1000.0,WD(WARRANTY DEED),0.33,False,UT
16-09980-000,12/14/1988,1000.0,WD(WARRANTY DEED),0.33,False,UT
16-09980-000,12/4/1986,4500.0,WD(WARRANTY DEED),0.33,False,UT
16-09981-000,2/7/2020,3000.0,WD(WARRANTY DEED),0.29,False,AR
16-09981-000,12/26/2019,0.0,QCD(QUITCLAIM DEED),0.29,False,AR
16-09981-000,8/10/2018,0.0,WD(WARRANTY DEED),0.29,False,AR
16-09981-000,10/21/2015,5000.0,SWD(SPECIAL WARRANTY DEED),0.29,False,AR
16-09981-000,10/13/2015,0.0,AFF(AFFIDAVIT),0.29,False,AR
16-09981-000,7/21/2015,1.0,WD(WARRANTY DEED),0.29,False,AR
16-09981-000,7/21/2015,0.0,MEMO(MEMORANDUM),0.29,False,AR
16-09981-000,10/7/2002,0.0,QCD(QUITCLAIM DEED),0.29,False,AR
16-09981-000,4/22/1992,0.0,WD(WARRANTY DEED),0.29,False,AR
16-09981-000,9/19/1991,0.0,DC(DEATH CERTIFICATE),0.29,False,AR
16-09981-000,8/14/1990,0.0,WD(WARRANTY DEED),0.29,False,AR
16-09981-000,3/20/1990,0.0,DC(DEATH CERTIFICATE),0.29,False,AR
16-09981-000,2/15/1985,7000.0,WD(WARRANTY DEED),0.29,False,AR
16-09982-000,4/22/2023,0.0,ML(MARRIAGE LICENSE),0.28,True,AR
16-09982-000,3/4/2022,223000.0,WD(WARRANTY DEED),0.28,True,AR
16-09982-000,12/20/2019,205000.0,TRWD(TRUSTEES WARRANTY DEED),0.28,True,AR
16-09982-000,12/20/2019,0.0,CERT(CERTIFICATE),0.28,True,AR
16-09982-000,8/10/2018,0.0,WD(WARRANTY DEED),0.28,True,AR
16-09982-000,10/1/2007,175000.0,WD(WARRANTY DEED),0.28,True,AR
16-09982-000,7/14/2006,11000.0,WD(WARRANTY DEED),0.28,True,AR
16-09982-000,7/7/1997,5000.0,CWD(CORPORATION WARRANTY DEED),0.28,True,AR
16-09982-000,4/27/1994,0.0,RD(REDEMPTION DEED),0.28,True,AR
16-09982-000,4/12/1994,0.0,COMMD(COMMISSIONERS DEED),0.28,True,AR
16-09982-000,8/18/1988,0.0,WD(WARRANTY DEED),0.28,True,AR
16-09982-000,6/25/1983,0.0,AFF(AFFIDAVIT),0.28,True,AR
16-09982-000,6/25/1983,4000.0,WD(WARRANTY DEED),0.28,True,AR
16-09982-000,8/10/1981,8000.0,WD(WARRANTY DEED),0.28,True,AR
16-09983-000,5/24/2023,103000.0,WD(WARRANTY DEED),0.32,True,AR
16-09983-000,8/31/2022,16000.0,WD(WARRANTY DEED),0.32,True,AR
16-09983-000,12/13/2005,6000.0,WD(WARRANTY DEED),0.32,True,AR
16-09983-000,12/5/1992,0.0,WD(WARRANTY DEED),0.32,True,AR
16-09983-000,6/13/1990,2000.0,WD(WARRANTY DEED),0.32,True,AR
16-09983-000,5/18/1984,0.0,WD(WARRANTY DEED),0.32,True,AR
16-09984-000,12/28/2022,0.0,CERT(CERTIFICATE),0.31,False,AR
16-09984-000,7/29/2022,0.0,OBIT(OBITUARY),0.31,False,AR
16-09984-000,10/25/2019,0.0,WD(WARRANTY DEED),0.31,False,AR
16-09984-000,7/5/2002,0.0,WD(WARRANTY DEED),0.31,False,AR
16-09984-000,8/13/1996,1000.0,CWD(CORPORATION WARRANTY DEED),0.31,False,AR
16-09984-000,8/13/1996,1000.0,WD(WARRANTY DEED),0.31,False,AR
16-09984-000,8/19/1988,1000.0,WD(WARRANTY DEED),0.31,False,AR
16-09984-000,5/13/1985,7000.0,WD(WARRANTY DEED),0.31,False,AR
16-09985-000,5/13/2004,0.0,RD(REDEMPTION DEED),0.35,False,OK
16-09985-000,4/29/2000,0.0,QCD(QUITCLAIM DEED),0.35,False,OK
16-09985-000,2/27/1986,0.0,QCD(QUITCLAIM DEED),0.35,False,OK
16-09986-000,2/8/2000,0.0,DC(DEATH CERTIFICATE),0.35,False,CO
16-09986-000,12/4/1984,7000.0,WD(WARRANTY DEED),0.35,False,CO
16-09987-000,2/28/2025,12000.0,WD(WARRANTY DEED),0.31,False,AR
16-09987-000,10/15/2009,0.0,WD(WARRANTY DEED),0.31,False,AR
16-09987-000,8/7/2000,0.0,WD(WARRANTY DEED),0.31,False,AR
16-09987-000,3/22/1994,0.0,WD(WARRANTY DEED),0.31,False,AR
16-09987-000,1/5/1982,4000.0,WD(WARRANTY DEED),0.31,False,AR
16-09988-000,10/1/2021,5000.0,WD(WARRANTY DEED),0.4,False,TX
16-09988-000,2/13/2007,25000.0,WD(WARRANTY DEED),0.4,False,TX
16-09988-000,4/10/2006,6000.0,WD(WARRANTY DEED),0.4,False,TX
16-09988-000,3/30/1987,5000.0,WD(WARRANTY DEED),0.4,False,TX
16-09989-000,2/4/2005,0.0,COMMD(COMMISSIONERS DEED),1.02,False,AR
16-09989-000,12/30/1981,0.0,WD(WARRANTY DEED),1.02,False,AR
16-09990-000,5/13/2021,0.0,RD(REDEMPTION DEED),1.43,False,CO
16-09990-000,4/20/2021,7000.0,WD(WARRANTY DEED),1.43,False,CO
16-09990-000,1/27/2006,6000.0,WD(WARRANTY DEED),1.43,False,CO
16-09990-000,2/26/2004,0.0,QCD(QUITCLAIM DEED),1.43,False,CO
16-09990-000,10/4/1982,4000.0,WD(WARRANTY DEED),1.43,False,CO
16-09991-000,3/12/2025,14000.0,WD(WARRANTY DEED),0.37,False,AR
16-09991-000,3/11/2025,0.0,CORRQC(CORRECTED QUIT CLAIM DEED),0.37,False,AR
16-09991-000,6/16/2020,1000.0,QCD(QUITCLAIM DEED),0.37,False,AR
16-09991-000,5/21/2020,0.0,LWD(LIMITED WARRANTY DEED),0.37,False,AR
16-09991-000,6/10/2013,0.0,WD(WARRANTY DEED),0.37,False,AR
16-09991-000,3/20/2013,1000.0,SWD(SPECIAL WARRANTY DEED),0.37,False,AR
16-09991-000,8/1/2012,0.0,RD(REDEMPTION DEED),0.37,False,AR
16-09991-000,6/9/2012,0.0,QCD(QUITCLAIM DEED),0.37,False,AR
16-09991-000,8/25/2008,0.0,QCD(QUITCLAIM DEED),0.37,False,AR
16-09991-000,10/18/2005,8000.0,WD(WARRANTY DEED),0.37,False,AR
16-09991-000,9/24/1997,0.0,CONT(CONTRACT),0.37,False,AR
16-09991-000,5/17/1993,0.0,DC(DEATH CERTIFICATE),0.37,False,AR
16-09991-000,8/10/1988,0.0,CONT(CONTRACT),0.37,False,AR
16-09991-000,6/22/1987,6000.0,WD(WARRANTY DEED),0.37,False,AR
16-09992-000,2/13/2025,0.0,WD(WARRANTY DEED),0.32,False,AR
16-09992-000,3/11/2024,18500.0,WD(WARRANTY DEED),0.32,False,AR
16-09992-000,12/2/2021,23000.0,WD(WARRANTY DEED),0.32,False,AR
16-09992-000,6/15/2018,21000.0,WD(WARRANTY DEED),0.32,False,AR
16-09992-000,6/15/2018,0.0,CORRQC(CORRECTED QUIT CLAIM DEED),0.32,False,AR
16-09992-000,6/23/2017,0.0,QCD(QUITCLAIM DEED),0.32,False,AR
16-09992-000,12/8/2005,6000.0,WD(WARRANTY DEED),0.32,False,AR
16-09992-000,12/17/1991,0.0,WD(WARRANTY DEED),0.32,False,AR
16-09992-000,8/26/1985,6000.0,WD(WARRANTY DEED),0.32,False,AR
16-09993-000,2/13/2025,0.0,WD(WARRANTY DEED),0.26,False,AR
16-09993-000,3/11/2024,18500.0,WD(WARRANTY DEED),0.26,False,AR
16-09993-000,12/2/2021,23000.0,WD(WARRANTY DEED),0.26,False,AR
16-09993-000,6/15/2018,21000.0,WD(WARRANTY DEED),0.26,False,AR
16-09993-000,6/15/2018,0.0,CORRQC(CORRECTED QUIT CLAIM DEED),0.26,False,AR
16-09993-000,6/23/2017,0.0,QCD(QUITCLAIM DEED),0.26,False,AR
16-09993-000,12/13/2005,6000.0,WD(WARRANTY DEED),0.26,False,AR
16-09993-000,10/20/1997,0.0,WD(WARRANTY DEED),0.26,False,AR
16-09993-000,11/13/1995,0.0,QCD(QUITCLAIM DEED),0.26,False,AR
16-09993-000,11/7/1995,0.0,TRAG(TRUST AGREEMENT),0.26,False,AR
16-09993-000,10/23/1991,0.0,WD(WARRANTY DEED),0.26,False,AR
16-09993-000,7/5/1990,0.0,CONT(CONTRACT),0.26,False,AR
16-09993-000,8/13/1988,0.0,CONT(CONTRACT),0.26,False,AR
16-09993-000,12/8/1987,0.0,CONT(CONTRACT),0.26,False,AR
16-09993-000,9/1/1982,0.0,CONT(CONTRACT),0.26,False,AR
16-09994-000,2/13/2025,0.0,WD(WARRANTY DEED),0.31,False,AR
16-09994-000,3/13/2024,9400.0,WD(WARRANTY DEED),0.31,False,AR
16-09994-000,3/8/2024,0.0,WD(WARRANTY DEED),0.31,False,AR
16-09994-000,6/14/2010,0.0,RD(REDEMPTION DEED),0.31,False,AR
16-09994-000,2/13/1987,0.0,WD(WARRANTY DEED),0.31,False,AR
16-09994-000,6/26/1984,0.0,WD(WARRANTY DEED),0.31,False,AR
16-09994-000,5/21/1984,0.0,WD(WARRANTY DEED),0.31,False,AR
16-09995-000,2/13/2025,0.0,WD(WARRANTY DEED),0.3,False,AR
16-09995-000,2/20/2024,11000.0,SWD(SPECIAL WARRANTY DEED),0.3,False,AR
16-09995-000,7/19/2023,2000.0,QCD(QUITCLAIM DEED),0.3,False,AR
16-09995-000,8/20/2020,0.0,QCD(QUITCLAIM DEED),0.3,False,AR
16-09995-000,3/28/2016,0.0,WD(WARRANTY DEED),0.3,False,AR
16-09995-000,11/13/2000,0.0,QCD(QUITCLAIM DEED),0.3,False,AR
16-09995-000,7/3/1991,1000.0,WD(WARRANTY DEED),0.3,False,AR
16-09995-000,7/3/1991,1500.0,WD(WARRANTY DEED),0.3,False,AR
16-09995-000,2/6/1987,0.0,DC(DEATH CERTIFICATE),0.3,False,AR
16-09995-000,1/22/1985,0.0,CONT(CONTRACT),0.3,False,AR
16-09995-000,7/18/1984,0.0,CONT(CONTRACT),0.3,False,AR
16-09995-000,12/6/1983,7000.0,WD(WARRANTY DEED),0.3,False,AR
16-09996-000,8/31/2020,8000.0,SWD(SPECIAL WARRANTY DEED),0.27,False,AR
16-09996-000,8/4/2020,0.0,QCD(QUITCLAIM DEED),0.27,False,AR
16-09996-000,6/15/2018,0.0,CORRQC(CORRECTED QUIT CLAIM DEED),0.27,False,AR
16-09996-000,6/23/2017,0.0,QCD(QUITCLAIM DEED),0.27,False,AR
16-09996-000,12/13/2005,6000.0,WD(WARRANTY DEED),0.27,False,AR
16-09996-000,2/15/1985,0.0,WD(WARRANTY DEED),0.27,False,AR
16-09997-000,1/14/2025,0.0,WD(WARRANTY DEED),0.32,False,AR
16-09997-000,4/24/2024,14000.0,WD(WARRANTY DEED),0.32,False,AR
16-09997-000,4/22/2024,0.0,QCD(QUITCLAIM DEED),0.32,False,AR
16-09997-000,4/19/2021,0.0,QCD(QUITCLAIM DEED),0.32,False,AR
16-09997-000,3/1/2012,0.0,CERT(CERTIFICATE),0.32,False,AR
16-09997-000,4/12/2010,0.0,QCD(QUITCLAIM DEED),0.32,False,AR
16-09997-000,9/8/1981,0.0,CONT(CONTRACT),0.32,False,AR
16-09997-000,8/23/1981,8000.0,WD(WARRANTY DEED),0.32,False,AR
16-09998-000,4/25/2022,319000.0,WD(WARRANTY DEED),0.29,True,AR
16-09998-000,5/5/2016,155000.0,WD(WARRANTY DEED),0.29,True,AR
16-09998-000,6/5/2008,150000.0,WD(WARRANTY DEED),0.29,True,AR
16-09998-000,10/24/2007,0.0,COMMD(COMMISSIONERS DEED),0.29,True,AR
16-09998-000,4/25/2006,10000.0,WD(WARRANTY DEED),0.29,True,AR
16-09998-000,11/7/2000,0.0,QCD(QUITCLAIM DEED),0.29,True,AR
16-09998-000,11/3/2000,1000.0,WD(WARRANTY DEED),0.29,True,AR
16-09998-000,3/30/1993,1000.0,WD(WARRANTY DEED),0.29,True,AR
16-09998-000,10/10/1985,7000.0,WD(WARRANTY DEED),0.29,True,AR
16-09999-000,8/12/2023,275000.0,WD(WARRANTY DEED),0.32,True,AR
16-09999-000,5/7/2021,191000.0,WD(WARRANTY DEED),0.32,True,AR
16-09999-000,5/8/2018,143000.0,WD(WARRANTY DEED),0.32,True,AR
16-09999-000,12/10/2010,95000.0,WD(WARRANTY DEED),0.32,True,AR
16-09999-000,12/9/2010,0.0,CERT(CERTIFICATE),0.32,True,AR
16-09999-000,12/8/2010,0.0,CERT(CERTIFICATE),0.32,True,AR
16-09999-000,12/8/2010,0.0,CERT(CERTIFICATE),0.32,True,AR
16-09999-000,8/5/2009,0.0,TRD(TRUSTEES DEED),0.32,True,AR
16-09999-000,6/26/2009,0.0,OTHER(OTHER DOCUMENT),0.32,True,AR
16-09999-000,4/8/2009,0.0,DC(DEATH CERTIFICATE),0.32,True,AR
16-09999-000,8/3/2005,0.0,AB(ABSTRACT OF TRUST),0.32,True,AR
16-09999-000,12/12/2001,0.0,CERT(CERTIFICATE),0.32,True,AR
16-09999-000,6/6/2001,0.0,DC(DEATH CERTIFICATE),0.32,True,AR
16-09999-000,8/14/2000,0.0,TRAG(TRUST AGREEMENT),0.32,True,AR
16-09999-000,8/14/2000,0.0,TRAG(TRUST AGREEMENT),0.32,True,AR
16-09999-000,5/19/2000,0.0,WD(WARRANTY DEED),0.32,True,AR
16-09999-000,5/17/2000,0.0,TRAG(TRUST AGREEMENT),0.32,True,AR
16-09999-000,5/17/2000,0.0,TRAG(TRUST AGREEMENT),0.32,True,AR
16-09999-000,10/12/1990,65000.0,EXD(EXECUTOR-EXECUTRIX DEED),0.32,True,AR
16-09999-000,10/12/1990,0.0,EXD(EXECUTOR-EXECUTRIX DEED),0.32,True,AR
16-09999-000,9/19/1990,0.0,AFF(AFFIDAVIT),0.32,True,AR
16-09999-000,8/13/1986,0.0,DC(DEATH CERTIFICATE),0.32,True,AR
16-09999-000,5/4/1981,65000.0,WD(WARRANTY DEED),0.32,True,AR
16-10000-000,7/16/1984,6000.0,WD(WARRANTY DEED),0.39,False,KS
16-10001-000,4/25/2022,3500.0,WD(WARRANTY DEED),0.37,False,NM
16-10001-000,9/23/1992,2000.0,WD(WARRANTY DEED),0.37,False,NM
16-10001-000,7/22/1982,6000.0,WD(WARRANTY DEED),0.37,False,NM
16-10002-000,8/24/2021,5000.0,SWD(SPECIAL WARRANTY DEED),0.31,False,IL
16-10002-000,3/25/2021,0.0,LWD(LIMITED WARRANTY DEED),0.31,False,IL
16-10002-000,7/19/2012,0.0,WD(WARRANTY DEED),0.31,False,IL
16-10002-000,5/13/2009,0.0,RD(REDEMPTION DEED),0.31,False,IL
16-10002-000,12/4/2008,10000.0,WD(WARRANTY DEED),0.31,False,IL
16-10002-000,9/5/2008,2000.0,COMMD(COMMISSIONERS DEED),0.31,False,IL
16-10002-000,9/7/2007,3000.0,WD(WARRANTY DEED),0.31,False,IL
16-10002-000,4/4/2006,0.0,LTR(LETTER),0.31,False,IL
16-10002-000,2/25/2005,0.0,WD(WARRANTY DEED),0.31,False,IL
16-10002-000,3/29/1993,0.0,QCD(QUITCLAIM DEED),0.31,False,IL
16-10002-000,3/1/1992,0.0,DC(DEATH CERTIFICATE),0.31,False,IL
16-10002-000,12/4/1978,7000.0,WD(WARRANTY DEED),0.31,False,IL
16-10003-000,7/19/2024,6000.0,WD(WARRANTY DEED),0.37,False,AR
16-10003-000,8/21/2023,4000.0,WD(WARRANTY DEED),0.37,False,AR
16-10003-000,12/6/1999,1000.0,WD(WARRANTY DEED),0.37,False,AR
16-10003-000,11/23/1999,1000.0,WD(WARRANTY DEED),0.37,False,AR
16-10003-000,11/21/1997,0.0,RD(REDEMPTION DEED),0.37,False,AR
16-10003-000,12/27/1996,1000.0,CWD(CORPORATION WARRANTY DEED),0.37,False,AR
16-10003-000,12/27/1996,1000.0,WD(WARRANTY DEED),0.37,False,AR
16-10003-000,2/12/1991,2000.0,WD(WARRANTY DEED),0.37,False,AR
16-10003-000,8/1/1990,2000.0,WD(WARRANTY DEED),0.37,False,AR
16-10003-000,9/21/1984,2000.0,WD(WARRANTY DEED),0.37,False,AR
16-10004-000,10/3/2016,132000.0,WD(WARRANTY DEED),0.29,True,AR
16-10004-000,5/1/2008,0.0,DC(DEATH CERTIFICATE),0.29,True,AR
16-10004-000,12/5/2007,0.0,CERT(CERTIFICATE),0.29,True,AR
16-10004-000,11/30/2007,0.0,WD(WARRANTY DEED),0.29,True,AR
16-10004-000,11/30/2005,125000.0,WD(WARRANTY DEED),0.29,True,AR
16-10004-000,3/31/2005,8000.0,WD(WARRANTY DEED),0.29,True,AR
16-10004-000,6/29/2000,1000.0,WD(WARRANTY DEED),0.29,True,AR
16-10004-000,4/1/1980,7000.0,WD(WARRANTY DEED),0.29,True,AR
16-10005-000,6/29/2022,225000.0,TRWD(TRUSTEES WARRANTY DEED),0.33,True,AR
16-10005-000,6/29/2022,0.0,CERT(CERTIFICATE),0.33,True,AR
16-10005-000,11/2/2021,0.0,DC(DEATH CERTIFICATE),0.33,True,AR
16-10005-000,12/10/2014,0.0,AFF(AFFIDAVIT),0.33,True,AR
16-10005-000,2/12/2014,0.0,WD(WARRANTY DEED),0.33,True,AR
16-10005-000,9/17/2013,0.0,DC(DEATH CERTIFICATE),0.33,True,AR
16-10005-000,9/17/2013,0.0,DC(DEATH CERTIFICATE),0.33,True,AR
16-10005-000,6/10/2010,0.0,WD(WARRANTY DEED),0.33,True,AR
16-10005-000,4/4/2006,125000.0,WD(WARRANTY DEED),0.33,True,AR
16-10005-000,6/15/2005,0.0,WD(WARRANTY DEED),0.33,True,AR
16-10005-000,4/5/2005,8000.0,WD(WARRANTY DEED),0.33,True,AR
16-10005-000,9/5/2000,0.0,RD(REDEMPTION DEED),0.33,True,AR
16-10005-000,9/18/1998,0.0,QCD(QUITCLAIM DEED),0.33,True,AR
16-10005-000,7/15/1998,9000.0,WD(WARRANTY DEED),0.33,True,AR
16-10005-000,8/19/1994,0.0,QCD(QUITCLAIM DEED),0.33,True,AR
16-10005-000,6/2/1994,0.0,QCD(QUITCLAIM DEED),0.33,True,AR
16-10005-000,11/12/1984,0.0,WD(WARRANTY DEED),0.33,True,AR
16-10006-000,4/3/2024,541000.0,WD(WARRANTY DEED),0.32,True,AR
16-10006-000,5/29/2009,0.0,QCD(QUITCLAIM DEED),0.32,True,AR
16-10006-000,2/22/2008,0.0,CERT(CERTIFICATE),0.32,True,AR
16-10006-000,2/22/2008,0.0,WD(WARRANTY DEED),0.32,True,AR
16-10006-000,5/11/2004,0.0,ML(MARRIAGE LICENSE),0.32,True,AR
16-10006-000,4/19/2004,3000.0,WD(WARRANTY DEED),0.32,True,AR
16-10006-000,2/26/1980,0.0,WD(WARRANTY DEED),0.32,True,AR
16-10007-000,4/3/2024,541000.0,WD(WARRANTY DEED),0.33,False,AR
16-10007-000,5/29/2009,0.0,QCD(QUITCLAIM DEED),0.33,False,AR
16-10007-000,2/22/2008,0.0,CERT(CERTIFICATE),0.33,False,AR
16-10007-000,2/22/2008,0.0,WD(WARRANTY DEED),0.33,False,AR
16-10007-000,4/19/2004,4000.0,WD(WARRANTY DEED),0.33,False,AR
16-10007-000,4/24/1980,7000.0,WD(WARRANTY DEED),0.33,False,AR
16-10008-000,5/23/2008,15000.0,WD(WARRANTY DEED),0.27,False,NY
16-10008-000,3/11/2005,2000.0,WD(WARRANTY DEED),0.27,False,NY
16-10008-000,5/13/2004,0.0,WD(WARRANTY DEED),0.27,False,NY
16-10008-000,12/19/2000,0.0,HIST(HISTORICAL),0.27,False,NY
16-10008-000,2/21/1985,6400.0,WD(WARRANTY DEED),0.27,False,NY
16-10009-000,5/23/2008,15000.0,WD(WARRANTY DEED),0.3,False,NY
16-10009-000,1/26/2006,7000.0,WD(WARRANTY DEED),0.3,False,NY
16-10009-000,11/15/2000,0.0,QCD(QUITCLAIM DEED),0.3,False,NY
16-10009-000,12/21/1993,5000.0,WD(WARRANTY DEED),0.3,False,NY
16-10009-000,12/31/1992,0.0,WD(WARRANTY DEED),0.3,False,NY
16-10010-000,2/28/2024,47000.0,WD(WARRANTY DEED),1.07,False,AZ
16-10010-000,1/31/2024,0.0,QCD(QUITCLAIM DEED),1.07,False,AZ
16-10010-000,10/17/2008,18000.0,WD(WARRANTY DEED),1.07,False,AZ
16-10010-000,4/25/2007,0.0,QCD(QUITCLAIM DEED),1.07,False,AZ
16-10010-000,9/14/2005,8000.0,WD(WARRANTY DEED),1.07,False,AZ
16-10010-000,7/23/2004,2000.0,WD(WARRANTY DEED),1.07,False,AZ
16-10010-000,2/16/1990,2000.0,WD(WARRANTY DEED),1.07,False,AZ
16-10010-000,1/19/1984,0.0,WD(WARRANTY DEED),1.07,False,AZ
16-10011-000,2/28/2024,47000.0,WD(WARRANTY DEED),0.38,False,AZ
16-10011-000,1/31/2024,0.0,QCD(QUITCLAIM DEED),0.38,False,AZ
16-10011-000,7/3/2006,15000.0,WD(WARRANTY DEED),0.38,False,AZ
16-10011-000,6/27/2006,0.0,MEMO(MEMORANDUM),0.38,False,AZ
16-10011-000,1/20/2006,0.0,AFF(AFFIDAVIT),0.38,False,AZ
16-10011-000,1/20/2006,0.0,QCD(QUITCLAIM DEED),0.38,False,AZ
16-10011-000,7/14/2001,0.0,DC(DEATH CERTIFICATE),0.38,False,AZ
16-10011-000,2/1/1985,7100.0,WD(WARRANTY DEED),0.38,False,AZ
16-10012-000,1/9/2008,5000.0,WD(WARRANTY DEED),0.33,False,FL
16-10012-000,3/20/2006,2000.0,WD(WARRANTY DEED),0.33,False,FL
16-10012-000,1/7/2003,1000.0,COMMD(COMMISSIONERS DEED),0.33,False,FL
16-10012-000,12/19/2002,0.0,RD(REDEMPTION DEED),0.33,False,FL
16-10012-000,5/19/1997,0.0,QCD(QUITCLAIM DEED),0.33,False,FL
16-10012-000,12/10/1996,5000.0,WD(WARRANTY DEED),0.33,False,FL
16-10012-000,12/10/1996,0.0,WD(WARRANTY DEED),0.33,False,FL
16-10012-000,8/13/1996,0.0,WD(WARRANTY DEED),0.33,False,FL
16-10012-000,8/16/1985,7000.0,WD(WARRANTY DEED),0.33,False,FL
16-10013-000,1/10/2023,0.0,QCD(QUITCLAIM DEED),0.34,False,AR
16-10013-000,10/2/2017,0.0,QCD(QUITCLAIM DEED),0.34,False,AR
16-10013-000,10/9/1987,0.0,WD(WARRANTY DEED),0.34,False,AR
16-10013-000,9/1/1987,0.0,WD(WARRANTY DEED),0.34,False,AR
16-10013-000,11/5/1985,0.0,WD(WARRANTY DEED),0.34,False,AR
16-10013-000,3/4/1980,0.0,WD(WARRANTY DEED),0.34,False,AR
16-10014-000,1/29/2010,0.0,DC(DEATH CERTIFICATE),1.07,False,IA
16-10014-000,1/20/2010,0.0,CERT(CERTIFICATE),1.07,False,IA
16-10014-000,1/20/2010,0.0,BD(BENEFICIARY DEED),1.07,False,IA
16-10014-000,12/20/1988,8000.0,WD(WARRANTY DEED),1.07,False,IA
16-10014-000,7/27/1985,2000.0,WD(WARRANTY DEED),1.07,False,IA
16-10014-000,1/3/1985,7000.0,WD(WARRANTY DEED),1.07,False,IA
16-10015-000,9/17/2008,0.0,QCD(QUITCLAIM DEED),1.09,True,AR
16-10015-000,12/30/2002,224000.0,WD(WARRANTY DEED),1.09,True,AR
16-10015-000,5/3/2000,0.0,WD(WARRANTY DEED),1.09,True,AR
16-10015-000,5/3/2000,0.0,CERT(CERTIFICATE),1.09,True,AR
16-10015-000,5/3/2000,0.0,CERT(CERTIFICATE),1.09,True,AR
16-10015-000,8/24/1999,170000.0,CWD(CORPORATION WARRANTY DEED),1.09,True,AR
16-10015-000,12/3/1998,0.0,WD(WARRANTY DEED),1.09,True,AR
16-10015-000,8/14/1997,3000.0,WD(WARRANTY DEED),1.09,True,AR
16-10015-000,9/7/1987,0.0,DC(DEATH CERTIFICATE),1.09,True,AR
16-10015-000,11/6/1974,6000.0,WD(WARRANTY DEED),1.09,True,AR
16-10016-000,2/16/2024,24000.0,WD(WARRANTY DEED),1.01,False,UT
16-10016-000,4/3/2018,1000.0,SWD(SPECIAL WARRANTY DEED),1.01,False,UT
16-10016-000,6/18/2014,0.0,COMMD(COMMISSIONERS DEED),1.01,False,UT
16-10016-000,8/8/2013,0.0,RD(REDEMPTION DEED),1.01,False,UT
16-10016-000,3/18/2009,0.0,QCD(QUITCLAIM DEED),1.01,False,UT
16-10016-000,11/24/2008,0.0,WD(WARRANTY DEED),1.01,False,UT
16-10016-000,8/3/2005,2000.0,WD(WARRANTY DEED),1.01,False,UT
16-10016-000,6/24/2005,0.0,RD(REDEMPTION DEED),1.01,False,UT
16-10016-000,3/11/1985,0.0,WD(WARRANTY DEED),1.01,False,UT
16-10016-000,9/25/1981,0.0,ML(MARRIAGE LICENSE),1.01,False,UT
16-10017-000,2/16/2024,24000.0,WD(WARRANTY DEED),0.33,False,UT
16-10017-000,4/3/2018,1000.0,SWD(SPECIAL WARRANTY DEED),0.33,False,UT
16-10017-000,11/19/2010,0.0,COMMD(COMMISSIONERS DEED),0.33,False,UT
16-10017-000,6/30/1988,0.0,DC(DEATH CERTIFICATE),0.33,False,UT
16-10017-000,10/2/1984,0.0,WD(WARRANTY DEED),0.33,False,UT
16-10018-000,4/8/1987,0.0,WD(WARRANTY DEED),0.33,False,AR
16-10018-000,4/8/1987,0.0,WD(WARRANTY DEED),0.33,False,AR
16-10018-000,2/26/1976,0.0,LTR(LETTER),0.33,False,AR
16-10019-000,8/23/2021,7900.0,CWD(CORPORATION WARRANTY DEED),0.35,True,AR
16-10019-000,10/22/2019,0.0,LWD(LIMITED WARRANTY DEED),0.35,True,AR
16-10019-000,2/19/1995,0.0,DC(DEATH CERTIFICATE),0.35,True,AR
16-10019-000,8/23/1987,3500.0,WD(WARRANTY DEED),0.35,True,AR
16-10020-000,10/31/1990,0.0,CONT(CONTRACT),0.33,False,AZ
16-10020-000,8/12/1988,0.0,CONT(CONTRACT),0.33,False,AZ
16-10020-000,11/26/1984,6500.0,WD(WARRANTY DEED),0.33,False,AZ
16-10021-000,5/30/2000,0.0,RD(REDEMPTION DEED),0.32,False,IL
16-10021-000,8/15/1988,0.0,CONT(CONTRACT),0.32,False,IL
16-10021-000,1/16/1987,3000.0,WD(WARRANTY DEED),0.32,False,IL
16-10021-000,9/9/1985,7000.0,WD(WARRANTY DEED),0.32,False,IL
16-10022-000,"3,165",633.0,633,28.61,False,AR
16-10022-000,0,0.0,0,28.61,False,AR
16-10022-000,"3,165",633.0,633,28.61,False,AR
16-10022-000,,633.0,633,28.61,False,AR
16-10022-000,,0.06193,0.06193,28.61,False,AR
16-10022-000,,5.72,5.72,28.61,False,AR
16-10023-000,12/22/2010,0.0,QCD(QUITCLAIM DEED),10.26,False,AR
16-10023-001,0,0.0,0,10.03,False,AR
16-10023-001,0,0.0,0,10.03,False,AR
16-10023-001,0,0.0,0,10.03,False,AR
16-10023-001,,0.0,0,10.03,False,AR
16-10023-001,,0.06193,0.06193,10.03,False,AR
16-16770-000,8/27/2020,250000.0,TRWD(TRUSTEES WARRANTY DEED),0.26,False,AR
16-16770-000,2/21/1995,1000.0,CORRWD(CORRECTED WARRANTY DEED),0.26,False,AR
16-16770-000,2/9/1995,1000.0,WD(WARRANTY DEED),0.26,False,AR
16-16770-000,11/19/1994,0.0,COMMD(COMMISSIONERS DEED),0.26,False,AR
16-16770-000,9/27/1990,0.0,LWD(LIMITED WARRANTY DEED),0.26,False,AR
16-16770-000,9/20/1990,0.0,LWD(LIMITED WARRANTY DEED),0.26,False,AR
16-16770-000,1/19/1989,0.0,QCD(QUITCLAIM DEED),0.26,False,AR
16-16770-000,6/1/1984,7000.0,WD(WARRANTY DEED),0.26,False,AR
16-16771-000,8/27/2020,250000.0,TRWD(TRUSTEES WARRANTY DEED),0.24,True,AR
16-16771-000,8/27/2020,0.0,MEMO(MEMORANDUM),0.24,True,AR
16-16771-000,9/7/2010,0.0,DC(DEATH CERTIFICATE),0.24,True,AR
16-16771-000,8/23/2001,0.0,AMEND(AMENDMENT),0.24,True,AR
16-16771-000,9/26/1991,0.0,WD(WARRANTY DEED),0.24,True,AR
16-16771-000,10/23/1989,8000.0,WD(WARRANTY DEED),0.24,True,AR
16-16771-000,6/27/1989,0.0,WD(WARRANTY DEED),0.24,True,AR
16-16771-000,4/6/1989,0.0,WD(WARRANTY DEED),0.24,True,AR
16-16771-000,4/30/1987,0.0,WD(WARRANTY DEED),0.24,True,AR
16-16771-000,2/22/1984,7000.0,WD(WARRANTY DEED),0.24,True,AR
16-16772-000,12/21/2023,280000.0,WD(WARRANTY DEED),0.27,True,AR
16-16772-000,9/10/2021,236000.0,WD(WARRANTY DEED),0.27,True,AR
16-16772-000,8/23/2019,156000.0,TRWD(TRUSTEES WARRANTY DEED),0.27,True,AR
16-16772-000,8/16/2019,0.0,CERT(CERTIFICATE),0.27,True,AR
16-16772-000,5/8/2015,0.0,AFF(AFFIDAVIT),0.27,True,AR
16-16772-000,6/12/2014,0.0,QCD(QUITCLAIM DEED),0.27,True,AR
16-16772-000,10/28/2011,82000.0,TRD(TRUSTEES DEED),0.27,True,AR
16-16772-000,4/12/2011,0.0,WD(WARRANTY DEED),0.27,True,AR
16-16772-000,7/19/2010,0.0,SWD(SPECIAL WARRANTY DEED),0.27,True,AR
16-16772-000,2/17/2010,0.0,SWD(SPECIAL WARRANTY DEED),0.27,True,AR
16-16772-000,2/17/2010,0.0,MTG-D(MORTGAGEE'S DEED),0.27,True,AR
16-16772-000,4/20/2006,127000.0,WD(WARRANTY DEED),0.27,True,AR
16-16772-000,10/14/1991,0.0,WD(WARRANTY DEED),0.27,True,AR
16-16772-000,10/14/1991,0.0,MEMO(MEMORANDUM),0.27,True,AR
16-16772-000,6/26/1989,73000.0,WD(WARRANTY DEED),0.27,True,AR
16-16772-000,10/24/1988,65000.0,WD(WARRANTY DEED),0.27,True,AR
16-16772-000,8/3/1988,3000.0,WD(WARRANTY DEED),0.27,True,AR
16-16772-000,10/8/1986,0.0,CONT(CONTRACT),0.27,True,AR
16-16772-000,10/21/1983,7000.0,WD(WARRANTY DEED),0.27,True,AR
16-16773-000,2/14/2014,0.0,BD(BENEFICIARY DEED),0.26,False,KS
16-16773-000,4/10/2010,0.0,DC(DEATH CERTIFICATE),0.26,False,KS
16-16773-000,8/15/1983,9000.0,WD(WARRANTY DEED),0.26,False,KS
16-16774-000,8/31/2021,3600.0,CWD(CORPORATION WARRANTY DEED),0.3,False,AR
16-16774-000,3/15/2021,0.0,LWD(LIMITED WARRANTY DEED),0.3,False,AR
16-16774-000,8/28/2009,1451000.0,QCD(QUITCLAIM DEED),0.3,False,AR
16-16774-000,8/21/2009,402000.0,DEED(GRANT DEED),0.3,False,AR
16-16774-000,9/15/2008,0.0,DEED(GRANT DEED),0.3,False,AR
16-16774-000,4/5/2006,7000.0,WD(WARRANTY DEED),0.3,False,AR
16-16775-000,3/9/2020,0.0,QCD(QUITCLAIM DEED),0.3,False,AR
16-16775-000,2/14/2017,0.0,QCD(QUITCLAIM DEED),0.3,False,AR
16-16775-000,1/5/2004,1000.0,WD(WARRANTY DEED),0.3,False,AR
16-16775-000,11/15/2002,0.0,QCD(QUITCLAIM DEED),0.3,False,AR
16-16775-000,2/23/1978,0.0,DC(DEATH CERTIFICATE),0.3,False,AR
16-16775-000,9/27/1973,6000.0,WD(WARRANTY DEED),0.3,False,AR
16-16776-000,7/5/1983,7000.0,WD(WARRANTY DEED),0.37,False,MO
16-16777-000,6/14/2017,0.0,WD(WARRANTY DEED),0.35,False,AR
16-16777-000,5/1/2017,0.0,WD(WARRANTY DEED),0.35,False,AR
16-16777-000,8/1/2016,0.0,WD(WARRANTY DEED),0.35,False,AR
16-16777-000,8/1/2016,0.0,CERT(CERTIFICATE),0.35,False,AR
16-16777-000,10/17/2005,5000.0,WD(WARRANTY DEED),0.35,False,AR
16-16777-000,8/27/1982,3000.0,WD(WARRANTY DEED),0.35,False,AR
16-16778-000,8/21/2023,8000.0,COMMD(COMMISSIONERS DEED),0.4,False,MO
16-16778-000,7/2/2019,1000.0,QCD(QUITCLAIM DEED),0.4,False,MO
16-16778-000,5/8/2019,0.0,LWD(LIMITED WARRANTY DEED),0.4,False,MO
16-16778-000,1/19/1993,1000.0,WD(WARRANTY DEED),0.4,False,MO
16-16778-000,1/11/1993,1000.0,WD(WARRANTY DEED),0.4,False,MO
16-16778-000,6/12/1990,0.0,DC(DEATH CERTIFICATE),0.4,False,MO
16-16778-000,1/6/1986,6000.0,WD(WARRANTY DEED),0.4,False,MO
16-16779-000,4/14/2023,10000.0,WD(WARRANTY DEED),0.4,False,FL
16-16779-000,1/7/2002,0.0,RD(REDEMPTION DEED),0.4,False,FL
16-16779-000,12/20/2001,1000.0,COMMD(COMMISSIONERS DEED),0.4,False,FL
16-16779-000,9/25/1995,0.0,RD(REDEMPTION DEED),0.4,False,FL
16-16779-000,4/18/1974,6000.0,WD(WARRANTY DEED),0.4,False,FL
16-16780-000,8/4/2005,3000.0,WD(WARRANTY DEED),0.42,False,FL
16-16780-000,11/17/2004,0.0,WD(WARRANTY DEED),0.42,False,FL
16-16780-000,11/4/2004,0.0,WD(WARRANTY DEED),0.42,False,FL
16-16781-000,1/29/2025,22000.0,WD(WARRANTY DEED),0.41,False,KS
16-16781-000,7/9/2007,30000.0,WD(WARRANTY DEED),0.41,False,KS
16-16781-000,8/31/2005,4000.0,WD(WARRANTY DEED),0.41,False,KS
16-16782-000,3/28/2022,7500.0,WD(WARRANTY DEED),0.35,False,
16-16782-000,4/4/2019,1400.0,SWD(SPECIAL WARRANTY DEED),0.35,False,
16-16782-000,8/27/2015,0.0,COMMD(COMMISSIONERS DEED),0.35,False,
16-16782-000,11/20/2013,0.0,RD(REDEMPTION DEED),0.35,False,
16-16782-000,7/25/1989,0.0,CONT(CONTRACT),0.35,False,
16-16782-000,12/30/1988,0.0,DC(DEATH CERTIFICATE),0.35,False,
16-16782-000,10/21/1983,6000.0,WD(WARRANTY DEED),0.35,False,
16-16783-000,8/1/2023,0.0,QCD(QUITCLAIM DEED),0.34,False,CO
16-16783-000,5/25/2022,0.0,LWD(LIMITED WARRANTY DEED),0.34,False,CO
16-16783-000,1/3/2018,0.0,QCD(QUITCLAIM DEED),0.34,False,CO
16-16783-000,2/7/2017,0.0,RD(REDEMPTION DEED),0.34,False,CO
16-16783-000,3/26/2015,18000.0,WD(WARRANTY DEED),0.34,False,CO
16-16783-000,10/5/2011,0.0,QCD(QUITCLAIM DEED),0.34,False,CO
16-16783-000,10/5/2011,1693333.0,CORRQC(CORRECTED QUIT CLAIM DEED),0.34,False,CO
16-16783-000,11/24/2008,0.0,WD(WARRANTY DEED),0.34,False,CO
16-16783-000,6/28/2005,3000.0,WD(WARRANTY DEED),0.34,False,CO
16-16783-000,8/7/1998,0.0,QCD(QUITCLAIM DEED),0.34,False,CO
16-16783-000,5/5/1983,7000.0,WD(WARRANTY DEED),0.34,False,CO
16-16784-000,11/30/2017,147000.0,WD(WARRANTY DEED),0.31,False,AR
16-16784-000,1/28/2002,106000.0,WD(WARRANTY DEED),0.31,False,AR
16-16784-000,4/5/2000,98000.0,WD(WARRANTY DEED),0.31,False,AR
16-16784-000,6/17/1996,91000.0,WD(WARRANTY DEED),0.31,False,AR
16-16784-000,8/16/1995,0.0,WD(WARRANTY DEED),0.31,False,AR
16-16784-000,5/25/1995,2000.0,CWD(CORPORATION WARRANTY DEED),0.31,False,AR
16-16784-000,5/25/1995,1000.0,WD(WARRANTY DEED),0.31,False,AR
16-16784-000,3/24/1989,6000.0,WD(WARRANTY DEED),0.31,False,AR
16-16785-000,11/30/2017,147000.0,WD(WARRANTY DEED),0.3,True,AR
16-16785-000,1/28/2002,106000.0,WD(WARRANTY DEED),0.3,True,AR
16-16785-000,4/5/2000,98000.0,WD(WARRANTY DEED),0.3,True,AR
16-16785-000,6/17/1996,91000.0,WD(WARRANTY DEED),0.3,True,AR
16-16785-000,4/6/1995,0.0,WD(WARRANTY DEED),0.3,True,AR
16-16785-000,3/20/1995,1000.0,CWD(CORPORATION WARRANTY DEED),0.3,True,AR
16-16785-000,12/6/1993,2000.0,WD(WARRANTY DEED),0.3,True,AR
16-16785-000,10/28/1992,0.0,QCD(QUITCLAIM DEED),0.3,True,AR
16-16785-000,1/3/1991,2000.0,WD(WARRANTY DEED),0.3,True,AR
16-16785-000,12/26/1990,0.0,RD(REDEMPTION DEED),0.3,True,AR
16-16785-000,6/14/1976,5000.0,WD(WARRANTY DEED),0.3,True,AR
16-16786-000,9/14/2022,260000.0,WD(WARRANTY DEED),0.32,True,AR
16-16786-000,5/24/2013,0.0,QCD(QUITCLAIM DEED),0.32,True,AR
16-16786-000,5/17/2013,115000.0,WD(WARRANTY DEED),0.32,True,AR
16-16786-000,10/10/2011,0.0,WD(WARRANTY DEED),0.32,True,AR
16-16786-000,6/21/2011,101000.0,WD(WARRANTY DEED),0.32,True,AR
16-16786-000,8/6/2010,0.0,SWD(SPECIAL WARRANTY DEED),0.32,True,AR
16-16786-000,4/14/2010,0.0,SWD(SPECIAL WARRANTY DEED),0.32,True,AR
16-16786-000,3/22/2010,0.0,MTG-D(MORTGAGEE'S DEED),0.32,True,AR
16-16786-000,7/2/2003,115000.0,CWD(CORPORATION WARRANTY DEED),0.32,True,AR
16-16786-000,12/27/2002,3000.0,WD(WARRANTY DEED),0.32,True,AR
16-16786-000,2/1/2000,0.0,WD(WARRANTY DEED),0.32,True,AR
16-16786-000,7/8/1986,0.0,ML(MARRIAGE LICENSE),0.32,True,AR
16-16786-000,3/29/1984,0.0,DC(DEATH CERTIFICATE),0.32,True,AR
16-16787-000,12/5/2017,0.0,WD(WARRANTY DEED),0.36,True,AR
16-16787-000,11/27/2008,0.0,DC(DEATH CERTIFICATE),0.36,True,AR
16-16787-000,4/5/2005,128000.0,WD(WARRANTY DEED),0.36,True,AR
16-16787-000,2/21/2004,0.0,DC(DEATH CERTIFICATE),0.36,True,AR
16-16787-000,1/29/1990,130000.0,WD(WARRANTY DEED),0.36,True,AR
16-16788-000,10/22/2024,0.0,WD(WARRANTY DEED),0.33,True,AR
16-16788-000,7/10/2023,330000.0,WD(WARRANTY DEED),0.33,True,AR
16-16788-000,6/15/2016,0.0,RD(REDEMPTION DEED),0.33,True,AR
16-16788-000,5/31/2016,170000.0,WD(WARRANTY DEED),0.33,True,AR
16-16788-000,12/3/2013,0.0,RD(REDEMPTION DEED),0.33,True,AR
16-16788-000,10/6/2005,0.0,QCD(QUITCLAIM DEED),0.33,True,AR
16-16788-000,7/13/2005,0.0,QCD(QUITCLAIM DEED),0.33,True,AR
16-16788-000,11/25/2002,0.0,RD(REDEMPTION DEED),0.33,True,AR
16-16788-000,3/3/2000,1000.0,WD(WARRANTY DEED),0.33,True,AR
16-16788-000,1/5/2000,1000.0,WD(WARRANTY DEED),0.33,True,AR
16-16788-000,8/4/1999,0.0,WD(WARRANTY DEED),0.33,True,AR
16-16788-000,6/20/1996,0.0,POA(POWER OF ATTORNEY),0.33,True,AR
16-16788-000,9/12/1983,7000.0,WD(WARRANTY DEED),0.33,True,AR
16-16789-000,4/18/1995,93333.0,WD(WARRANTY DEED),0.29,True,AR
16-16789-000,1/26/1994,3000.0,WD(WARRANTY DEED),0.29,True,AR
16-16789-000,7/26/1988,0.0,WD(WARRANTY DEED),0.29,True,AR
16-16789-000,2/9/1988,0.0,RD(REDEMPTION DEED),0.29,True,AR
16-16789-000,12/21/1987,0.0,COMMD(COMMISSIONERS DEED),0.29,True,AR
16-16789-000,1/31/1984,0.0,WD(WARRANTY DEED),0.29,True,AR
16-16790-000,11/7/1995,3000.0,CWD(CORPORATION WARRANTY DEED),0.26,False,AR
16-16790-000,10/23/1995,1000.0,WD(WARRANTY DEED),0.26,False,AR
16-16790-000,12/10/1981,8000.0,WD(WARRANTY DEED),0.26,False,AR
16-16791-000,10/7/2003,0.0,RD(REDEMPTION DEED),0.27,False,
16-16791-000,5/27/1993,6000.0,WD(WARRANTY DEED),0.27,False,
16-16791-000,1/10/1984,0.0,WD(WARRANTY DEED),0.27,False,
16-16792-000,6/30/2021,0.0,WD(WARRANTY DEED),0.26,False,OR
16-16792-000,6/21/2021,8000.0,WD(WARRANTY DEED),0.26,False,OR
16-16792-000,8/24/2020,0.0,RD(REDEMPTION DEED),0.26,False,OR
16-16792-000,3/29/2010,0.0,WD(WARRANTY DEED),0.26,False,OR
16-16792-000,2/2/2010,0.0,DEED(GRANT DEED),0.26,False,OR
16-16792-000,10/7/2009,0.0,COMMD(COMMISSIONERS DEED),0.26,False,OR
16-16792-000,6/17/2008,21000.0,WD(WARRANTY DEED),0.26,False,OR
16-16792-000,1/19/2006,9000.0,WD(WARRANTY DEED),0.26,False,OR
16-16792-000,10/26/2005,0.0,AFF(AFFIDAVIT),0.26,False,OR
16-16792-000,9/1/2005,0.0,DC(DEATH CERTIFICATE),0.26,False,OR
16-16792-000,8/31/1990,0.0,DC(DEATH CERTIFICATE),0.26,False,OR
16-16793-000,11/27/2017,3000.0,QCD(QUITCLAIM DEED),0.28,False,AR
16-16793-000,12/27/2016,1000.0,QCD(QUITCLAIM DEED),0.28,False,AR
16-16793-000,3/26/1985,0.0,CONT(CONTRACT),0.28,False,AR
16-16793-000,10/17/1981,0.0,WD(WARRANTY DEED),0.28,False,AR
16-16794-000,7/19/2024,0.0,AFF(AFFIDAVIT),0.29,False,AR
16-16794-000,4/23/2024,0.0,DISTRIB(DEED OF DISTRIBUTION & DISTRIBUTEE'S DEED),0.29,False,AR
16-16794-000,4/26/2021,0.0,AFF(AFFIDAVIT),0.29,False,AR
16-16794-000,11/23/2020,0.0,OTHER(OTHER DOCUMENT),0.29,False,AR
16-16794-000,4/30/2018,1000.0,SWD(SPECIAL WARRANTY DEED),0.29,False,AR
16-16794-000,7/21/2014,0.0,COMMD(COMMISSIONERS DEED),0.29,False,AR
16-16794-000,5/30/2013,0.0,RD(REDEMPTION DEED),0.29,False,AR
16-16794-000,11/15/2006,0.0,QCD(QUITCLAIM DEED),0.29,False,AR
16-16794-000,7/25/2003,1000.0,WD(WARRANTY DEED),0.29,False,AR
16-16794-000,6/18/2003,0.0,COMMD(COMMISSIONERS DEED),0.29,False,AR
16-16794-000,12/19/2002,0.0,RD(REDEMPTION DEED),0.29,False,AR
16-16794-000,11/16/1983,8000.0,WD(WARRANTY DEED),0.29,False,AR
16-16795-000,4/13/2021,6000.0,CWD(CORPORATION WARRANTY DEED),0.32,False,TX
16-16795-000,6/14/2005,3000.0,WD(WARRANTY DEED),0.32,False,TX
16-16795-000,9/1/1983,7000.0,WD(WARRANTY DEED),0.32,False,TX
16-16796-000,4/5/2021,351000.0,TRD(TRUSTEES DEED),0.3,True,AR
16-16796-000,4/5/2021,0.0,CERT(CERTIFICATE),0.3,True,AR
16-16796-000,3/15/2018,255000.0,TRWD(TRUSTEES WARRANTY DEED),0.3,True,AR
16-16796-000,7/15/2016,235000.0,WD(WARRANTY DEED),0.3,True,AR
16-16796-000,9/21/2015,0.0,TRD(TRUSTEES DEED),0.3,True,AR
16-16796-000,6/11/2013,0.0,CERT(CERTIFICATE),0.3,True,AR
16-16796-000,3/4/2008,0.0,WD(WARRANTY DEED),0.3,True,AR
16-16796-000,3/4/2008,0.0,CERT(CERTIFICATE),0.3,True,AR
16-16796-000,10/31/2005,10000.0,WD(WARRANTY DEED),0.3,True,AR
16-16796-000,11/19/2004,0.0,QCD(QUITCLAIM DEED),0.3,True,AR
16-16796-000,9/26/1991,0.0,CONT(CONTRACT),0.3,True,AR
16-16796-000,9/13/1983,6500.0,CONT(CONTRACT),0.3,True,AR
16-16796-000,10/8/1982,6000.0,WD(WARRANTY DEED),0.3,True,AR
16-16797-000,4/5/2021,351000.0,TRD(TRUSTEES DEED),0.34,False,AR
16-16797-000,4/5/2021,0.0,CERT(CERTIFICATE),0.34,False,AR
16-16797-000,5/11/2018,0.0,RD(REDEMPTION DEED),0.34,False,AR
16-16797-000,4/19/2018,4500.0,LWD(LIMITED WARRANTY DEED),0.34,False,AR
16-16797-000,8/28/2009,1451000.0,QCD(QUITCLAIM DEED),0.34,False,AR
16-16797-000,8/21/2009,402000.0,DEED(GRANT DEED),0.34,False,AR
16-16797-000,9/15/2008,0.0,DEED(GRANT DEED),0.34,False,AR
16-16797-000,12/2/2005,6000.0,WD(WARRANTY DEED),0.34,False,AR
16-16797-000,2/23/2004,0.0,QCD(QUITCLAIM DEED),0.34,False,AR
16-16797-000,8/20/1998,8000.0,WD(WARRANTY DEED),0.34,False,AR
16-16797-000,2/3/1976,7000.0,WD(WARRANTY DEED),0.34,False,AR
16-16798-000,3/16/2022,57000.0,WD(WARRANTY DEED),0.33,False,WI
16-16798-000,6/29/2021,50000.0,TRWD(TRUSTEES WARRANTY DEED),0.33,False,WI
16-16798-000,3/18/2016,0.0,MEMO(MEMORANDUM),0.33,False,WI
16-16798-000,11/13/2015,0.0,QCD(QUITCLAIM DEED),0.33,False,WI
16-16798-000,6/25/2007,40000.0,WD(WARRANTY DEED),0.33,False,WI
16-16798-000,8/15/2005,5000.0,WD(WARRANTY DEED),0.33,False,WI
16-16798-000,9/19/2000,1000.0,QCD(QUITCLAIM DEED),0.33,False,WI
16-16798-000,6/1/1998,0.0,QCD(QUITCLAIM DEED),0.33,False,WI
16-16798-000,9/20/1995,5000.0,WD(WARRANTY DEED),0.33,False,WI
16-16798-000,6/21/1994,7000.0,WD(WARRANTY DEED),0.33,False,WI
16-16798-000,5/3/1994,7000.0,WD(WARRANTY DEED),0.33,False,WI
16-16798-000,9/23/1981,0.0,HIST(HISTORICAL),0.33,False,WI
16-16798-000,11/1/1976,6000.0,WD(WARRANTY DEED),0.33,False,WI
16-16799-000,3/16/2022,57000.0,WD(WARRANTY DEED),0.35,False,WI
16-16799-000,6/29/2021,50000.0,TRWD(TRUSTEES WARRANTY DEED),0.35,False,WI
16-16799-000,3/18/2016,0.0,MEMO(MEMORANDUM),0.35,False,WI
16-16799-000,11/13/2015,0.0,QCD(QUITCLAIM DEED),0.35,False,WI
16-16799-000,6/25/2007,40000.0,WD(WARRANTY DEED),0.35,False,WI
16-16799-000,8/16/2005,5000.0,WD(WARRANTY DEED),0.35,False,WI
16-16799-000,7/16/2004,0.0,DC(DEATH CERTIFICATE),0.35,False,WI
16-16799-000,12/22/1981,6000.0,WD(WARRANTY DEED),0.35,False,WI
16-16800-000,3/16/2022,57000.0,WD(WARRANTY DEED),0.31,False,WI
16-16800-000,6/29/2021,50000.0,TRWD(TRUSTEES WARRANTY DEED),0.31,False,WI
16-16800-000,3/18/2016,0.0,MEMO(MEMORANDUM),0.31,False,WI
16-16800-000,11/13/2015,0.0,QCD(QUITCLAIM DEED),0.31,False,WI
16-16800-000,6/25/2007,40000.0,WD(WARRANTY DEED),0.31,False,WI
16-16800-000,8/15/2005,6000.0,WD(WARRANTY DEED),0.31,False,WI
16-16800-000,11/11/1976,6000.0,WD(WARRANTY DEED),0.31,False,WI
16-16801-000,5/1/2025,15500.0,WD(WARRANTY DEED),0.28,False,FL
16-16801-000,1/12/2016,0.0,WD(WARRANTY DEED),0.28,False,FL
16-16801-000,11/18/2015,46000.0,CORRWD(CORRECTED WARRANTY DEED),0.28,False,FL
16-16801-000,11/18/2015,0.0,WD(WARRANTY DEED),0.28,False,FL
16-16801-000,11/29/2010,0.0,WD(WARRANTY DEED),0.28,False,FL
16-16801-000,8/1/2006,0.0,CORRWD(CORRECTED WARRANTY DEED),0.28,False,FL
16-16801-000,2/24/2006,731000.0,WD(WARRANTY DEED),0.28,False,FL
16-16801-000,2/16/2006,6000.0,WD(WARRANTY DEED),0.28,False,FL
16-16801-000,1/24/1995,1000.0,CWD(CORPORATION WARRANTY DEED),0.28,False,FL
16-16801-000,1/24/1995,1000.0,WD(WARRANTY DEED),0.28,False,FL
16-16801-000,5/10/1978,7000.0,WD(WARRANTY DEED),0.28,False,FL
16-16802-000,4/18/2005,0.0,WD(WARRANTY DEED),0.25,True,AR
16-16802-000,4/18/2005,0.0,TRAG(TRUST AGREEMENT),0.25,True,AR
16-16802-000,2/13/2005,0.0,DC(DEATH CERTIFICATE),0.25,True,AR
16-16802-000,8/13/1992,4000.0,WD(WARRANTY DEED),0.25,True,AR
16-16802-000,7/24/1990,3000.0,WD(WARRANTY DEED),0.25,True,AR
16-16802-000,2/4/1986,0.0,CONT(CONTRACT),0.25,True,AR
16-16802-000,1/7/1982,0.0,DC(DEATH CERTIFICATE),0.25,True,AR
16-16802-000,10/27/1976,7000.0,WD(WARRANTY DEED),0.25,True,AR
16-16803-000,2/24/2008,0.0,CERT(CERTIFICATE),0.27,False,AR
16-16803-000,2/24/2008,0.0,CERT(CERTIFICATE),0.27,False,AR
16-16803-000,3/3/2000,0.0,WD(WARRANTY DEED),0.27,False,AR
16-16803-000,12/12/1989,0.0,WD(WARRANTY DEED),0.27,False,AR
16-16803-000,12/12/1989,0.0,WD(WARRANTY DEED),0.27,False,AR
16-16803-000,12/12/1989,0.0,WD(WARRANTY DEED),0.27,False,AR
16-16803-000,12/12/1989,0.0,WD(WARRANTY DEED),0.27,False,AR
16-16803-000,12/12/1989,0.0,WILL(WILL),0.27,False,AR
16-16803-000,11/12/1989,2000.0,DEED(GRANT DEED),0.27,False,AR
16-16803-000,3/5/1985,0.0,OR(ORDER),0.27,False,AR
16-16803-000,2/25/1985,0.0,DC(DEATH CERTIFICATE),0.27,False,AR
16-16803-000,10/22/1984,0.0,DC(DEATH CERTIFICATE),0.27,False,AR
16-16803-000,11/13/1981,7000.0,WD(WARRANTY DEED),0.27,False,AR
16-16804-000,11/17/2022,0.0,DC(DEATH CERTIFICATE),0.3,True,AR
16-16804-000,11/10/2022,0.0,BD(BENEFICIARY DEED),0.3,True,AR
16-16804-000,11/12/2014,0.0,QCD(QUITCLAIM DEED),0.3,True,AR
16-16804-000,4/30/2001,122000.0,WD(WARRANTY DEED),0.3,True,AR
16-16804-000,6/14/2000,5000.0,WD(WARRANTY DEED),0.3,True,AR
16-16804-000,7/16/1982,7000.0,WD(WARRANTY DEED),0.3,True,AR
16-16805-000,4/18/2005,0.0,WD(WARRANTY DEED),0.28,False,AR
16-16805-000,4/18/2005,0.0,TRAG(TRUST AGREEMENT),0.28,False,AR
16-16805-000,2/13/2005,0.0,DC(DEATH CERTIFICATE),0.28,False,AR
16-16805-000,2/13/2005,0.0,HIST(HISTORICAL),0.28,False,AR
16-16805-000,10/12/2001,2000.0,WD(WARRANTY DEED),0.28,False,AR
16-16805-000,5/31/1978,6000.0,WD(WARRANTY DEED),0.28,False,AR
16-16806-000,3/20/2024,300000.0,WD(WARRANTY DEED),0.29,True,AR
16-16806-000,6/4/2020,185000.0,WD(WARRANTY DEED),0.29,True,AR
16-16806-000,4/24/2000,80000.0,WD(WARRANTY DEED),0.29,True,AR
16-16806-000,8/31/1990,0.0,WD(WARRANTY DEED),0.29,True,AR
16-16806-000,8/31/1990,0.0,TRAG(TRUST AGREEMENT),0.29,True,AR
16-16806-000,3/17/1987,70000.0,WD(WARRANTY DEED),0.29,True,AR
16-16806-000,10/6/1983,0.0,WD(WARRANTY DEED),0.29,True,AR
16-16806-000,7/14/1980,2000.0,WD(WARRANTY DEED),0.29,True,AR
16-16806-000,6/8/1979,7000.0,WD(WARRANTY DEED),0.29,True,AR
16-16807-000,10/5/2011,0.0,QCD(QUITCLAIM DEED),0.27,False,AR
16-16807-000,10/5/2011,1693333.0,CORRQC(CORRECTED QUIT CLAIM DEED),0.27,False,AR
16-16807-000,11/24/2008,0.0,WD(WARRANTY DEED),0.27,False,AR
16-16807-000,8/24/2005,3000.0,WD(WARRANTY DEED),0.27,False,AR
16-16807-000,12/6/1989,0.0,DC(DEATH CERTIFICATE),0.27,False,AR
16-16807-000,6/25/1985,7000.0,WD(WARRANTY DEED),0.27,False,AR
16-16808-000,8/22/2024,0.0,CORRSWD(CORRECT SPECIAL WARRANTY DEED),0.28,False,
16-16808-000,8/5/2024,0.0,CORRSWD(CORRECT SPECIAL WARRANTY DEED),0.28,False,
16-16808-000,8/2/2024,16000.0,CWD(CORPORATION WARRANTY DEED),0.28,False,
16-16808-000,8/1/2024,0.0,CORRSWD(CORRECT SPECIAL WARRANTY DEED),0.28,False,
16-16808-000,2/8/2024,77000.0,SWD(SPECIAL WARRANTY DEED),0.28,False,
16-16808-000,6/27/2016,8000.0,SWD(SPECIAL WARRANTY DEED),0.28,False,
16-16808-000,3/2/2016,6500.0,SWD(SPECIAL WARRANTY DEED),0.28,False,
16-16808-000,3/1/2016,8000.0,SWD(SPECIAL WARRANTY DEED),0.28,False,
16-16808-000,8/9/2006,6000.0,WD(WARRANTY DEED),0.28,False,
16-16808-000,11/12/2003,10000.0,WD(WARRANTY DEED),0.28,False,
16-16808-000,8/25/1988,0.0,CONT(CONTRACT),0.28,False,
16-16809-000,5/17/2021,0.0,DC(DEATH CERTIFICATE),0.3,False,WI
16-16809-000,2/25/1986,0.0,WD(WARRANTY DEED),0.3,False,WI
16-16809-000,1/23/1979,5000.0,WD(WARRANTY DEED),0.3,False,WI
16-16810-000,5/18/2006,69000.0,WD(WARRANTY DEED),0.32,False,MN
16-16810-000,7/15/2005,3000.0,WD(WARRANTY DEED),0.32,False,MN
16-16810-000,10/22/1999,1000.0,WD(WARRANTY DEED),0.32,False,MN
16-16810-000,10/27/1997,8000.0,WD(WARRANTY DEED),0.32,False,MN
16-16810-000,5/1/1982,0.0,CONT(CONTRACT),0.32,False,MN
16-16810-000,8/1/1979,0.0,QCD(QUITCLAIM DEED),0.32,False,MN
16-16811-000,5/6/2012,0.0,WD(WARRANTY DEED),0.39,False,WI
16-16811-000,8/24/1990,0.0,WD(WARRANTY DEED),0.39,False,WI
16-16811-000,3/31/1983,7000.0,WD(WARRANTY DEED),0.39,False,WI
16-16812-000,12/6/2018,174000.0,TRWD(TRUSTEES WARRANTY DEED),0.44,True,AR
16-16812-000,10/21/2014,0.0,WD(WARRANTY DEED),0.44,True,AR
16-16812-000,10/21/2014,0.0,TRAG(TRUST AGREEMENT),0.44,True,AR
16-16812-000,11/10/2011,125900.0,WD(WARRANTY DEED),0.44,True,AR
16-16812-000,6/6/2005,138000.0,WD(WARRANTY DEED),0.44,True,AR
16-16812-000,6/3/2003,110000.0,CWD(CORPORATION WARRANTY DEED),0.44,True,AR
16-16812-000,3/23/2003,0.0,QCD(QUITCLAIM DEED),0.44,True,AR
16-16812-000,8/21/2002,0.0,WD(WARRANTY DEED),0.44,True,AR
16-16812-000,7/23/2002,0.0,WD(WARRANTY DEED),0.44,True,AR
16-16812-000,3/15/2002,0.0,WD(WARRANTY DEED),0.44,True,AR
16-16812-000,6/23/1978,6000.0,WD(WARRANTY DEED),0.44,True,AR
16-16813-000,2/11/2025,140000.0,WD(WARRANTY DEED),0.36,False,OX
16-16813-000,1/12/2022,0.0,RD(REDEMPTION DEED),0.36,False,OX
16-16813-000,12/29/2021,30000.0,WD(WARRANTY DEED),0.36,False,OX
16-16813-000,2/17/2017,0.0,RD(REDEMPTION DEED),0.36,False,OX
16-16813-000,8/28/2009,1451000.0,QCD(QUITCLAIM DEED),0.36,False,OX
16-16813-000,8/21/2009,402000.0,DEED(GRANT DEED),0.36,False,OX
16-16813-000,9/15/2008,0.0,DEED(GRANT DEED),0.36,False,OX
16-16813-000,11/16/2005,6000.0,WD(WARRANTY DEED),0.36,False,OX
16-16813-000,4/28/1993,7000.0,WD(WARRANTY DEED),0.36,False,OX
16-16813-000,4/25/1984,0.0,WD(WARRANTY DEED),0.36,False,OX
16-16814-000,6/14/2021,8000.0,TRWD(TRUSTEES WARRANTY DEED),0.28,False,AR
16-16814-000,5/24/1995,0.0,QCD(QUITCLAIM DEED),0.28,False,AR
16-16814-000,2/7/1977,0.0,WD(WARRANTY DEED),0.28,False,AR
16-16815-000,9/2/2005,7000.0,WD(WARRANTY DEED),0.29,False,AR
16-16815-000,9/1/1983,7000.0,WD(WARRANTY DEED),0.29,False,AR
16-16816-000,1/14/1999,0.0,WD(WARRANTY DEED),0.28,False,KS
16-16816-000,8/22/1998,0.0,DC(DEATH CERTIFICATE),0.28,False,KS
16-16816-000,2/2/1995,0.0,WD(WARRANTY DEED),0.28,False,KS
16-16816-000,3/26/1987,0.0,WD(WARRANTY DEED),0.28,False,KS
16-16816-000,4/12/1986,0.0,DC(DEATH CERTIFICATE),0.28,False,KS
16-16816-000,10/23/1985,0.0,CONT(CONTRACT),0.28,False,KS
16-16816-000,10/15/1976,6000.0,WD(WARRANTY DEED),0.28,False,KS
16-16817-000,2/11/2025,140000.0,WD(WARRANTY DEED),0.29,False,OX
16-16817-000,5/2/2022,55000.0,WD(WARRANTY DEED),0.29,False,OX
16-16817-000,3/3/2021,0.0,LWD(LIMITED WARRANTY DEED),0.29,False,OX
16-16817-000,2/15/2013,82000.0,SWD(SPECIAL WARRANTY DEED),0.29,False,OX
16-16817-000,2/13/2013,3000.0,SWD(SPECIAL WARRANTY DEED),0.29,False,OX
16-16817-000,7/15/2005,2000.0,WD(WARRANTY DEED),0.29,False,OX
16-16817-000,8/28/2003,0.0,DC(DEATH CERTIFICATE),0.29,False,OX
16-16817-000,6/26/1998,1000.0,COMMD(COMMISSIONERS DEED),0.29,False,OX
16-16817-000,2/17/1984,7000.0,WD(WARRANTY DEED),0.29,False,OX
16-16818-000,3/27/2015,295000.0,WD(WARRANTY DEED),0.27,False,AR
16-16818-000,8/5/2010,0.0,WD(WARRANTY DEED),0.27,False,AR
16-16818-000,4/28/2004,3000.0,WD(WARRANTY DEED),0.27,False,AR
16-16818-000,8/28/1994,0.0,DC(DEATH CERTIFICATE),0.27,False,AR
16-16818-000,3/15/1993,1000.0,WD(WARRANTY DEED),0.27,False,AR
16-16818-000,11/23/1992,0.0,DC(DEATH CERTIFICATE),0.27,False,AR
16-16818-000,9/23/1976,7000.0,WD(WARRANTY DEED),0.27,False,AR
16-16819-000,3/27/2015,295000.0,WD(WARRANTY DEED),0.27,False,AR
16-16819-000,8/5/2010,0.0,WD(WARRANTY DEED),0.27,False,AR
16-16819-000,3/9/2004,178000.0,WD(WARRANTY DEED),0.27,False,AR
16-16819-000,12/2/1993,5000.0,WD(WARRANTY DEED),0.27,False,AR
16-16819-000,1/30/1984,0.0,WD(WARRANTY DEED),0.27,False,AR
16-16820-000,3/27/2015,295000.0,WD(WARRANTY DEED),0.29,True,AR
16-16820-000,8/5/2010,297000.0,WD(WARRANTY DEED),0.29,True,AR
16-16820-000,3/9/2004,178000.0,WD(WARRANTY DEED),0.29,True,AR
16-16820-000,3/20/1987,117000.0,WD(WARRANTY DEED),0.29,True,AR
16-16820-000,7/24/1984,9000.0,WD(WARRANTY DEED),0.29,True,AR
16-16820-000,6/13/1984,0.0,WD(WARRANTY DEED),0.29,True,AR
16-16821-000,5/10/2023,10.0,SWD(SPECIAL WARRANTY DEED),0.29,True,TX
16-16821-000,5/23/2022,400000.0,WD(WARRANTY DEED),0.29,True,TX
16-16821-000,3/10/2022,258000.0,WD(WARRANTY DEED),0.29,True,TX
16-16821-000,11/19/2021,0.0,TRWD(TRUSTEES WARRANTY DEED),0.29,True,TX
16-16821-000,11/19/2021,0.0,AFF(AFFIDAVIT),0.29,True,TX
16-16821-000,11/8/2021,0.0,OBIT(OBITUARY),0.29,True,TX
16-16821-000,2/11/1998,0.0,QCD(QUITCLAIM DEED),0.29,True,TX
16-16821-000,3/31/1992,0.0,WD(WARRANTY DEED),0.29,True,TX
16-16821-000,3/31/1992,0.0,WD(WARRANTY DEED),0.29,True,TX
16-16821-000,7/5/1990,90000.0,WD(WARRANTY DEED),0.29,True,TX
16-16821-000,4/27/1987,9000.0,WD(WARRANTY DEED),0.29,True,TX
16-16821-000,11/10/1976,7000.0,WD(WARRANTY DEED),0.29,True,TX
16-16822-000,4/4/2024,0.0,WD(WARRANTY DEED),0.3,False,TX
16-16822-000,5/10/2023,10.0,SWD(SPECIAL WARRANTY DEED),0.3,False,TX
16-16822-000,5/23/2022,400000.0,WD(WARRANTY DEED),0.3,False,TX
16-16822-000,3/10/2022,258000.0,WD(WARRANTY DEED),0.3,False,TX
16-16822-000,11/19/2021,0.0,TRWD(TRUSTEES WARRANTY DEED),0.3,False,TX
16-16822-000,11/19/2021,0.0,AFF(AFFIDAVIT),0.3,False,TX
16-16822-000,11/8/2021,0.0,OBIT(OBITUARY),0.3,False,TX
16-16822-000,2/11/1998,0.0,QCD(QUITCLAIM DEED),0.3,False,TX
16-16822-000,3/31/1992,0.0,WD(WARRANTY DEED),0.3,False,TX
16-16822-000,3/31/1992,0.0,WD(WARRANTY DEED),0.3,False,TX
16-16822-000,7/5/1990,90000.0,WD(WARRANTY DEED),0.3,False,TX
16-16822-000,8/17/1987,0.0,WD(WARRANTY DEED),0.3,False,TX
16-16822-000,10/4/1982,7000.0,WD(WARRANTY DEED),0.3,False,TX
16-16823-000,2/2/2024,19000.0,WD(WARRANTY DEED),0.31,False,TX
16-16823-000,8/21/2023,10000.0,COMMD(COMMISSIONERS DEED),0.31,False,TX
16-16823-000,7/2/2019,1000.0,QCD(QUITCLAIM DEED),0.31,False,TX
16-16823-000,5/8/2019,0.0,LWD(LIMITED WARRANTY DEED),0.31,False,TX
16-16823-000,4/21/1986,0.0,DC(DEATH CERTIFICATE),0.31,False,TX
16-16823-000,1/14/1983,7000.0,WD(WARRANTY DEED),0.31,False,TX
16-16824-000,2/9/2025,0.0,ADHL(AR DEPT OF HEALTH LIST),0.3,True,AR
16-16824-000,6/23/2021,0.0,WD(WARRANTY DEED),0.3,True,AR
16-16824-000,6/23/2021,0.0,CERT(CERTIFICATE),0.3,True,AR
16-16824-000,7/14/2020,0.0,BD(BENEFICIARY DEED),0.3,True,AR
16-16824-000,6/25/2020,0.0,SWD(SPECIAL WARRANTY DEED),0.3,True,AR
16-16824-000,1/18/2004,0.0,DC(DEATH CERTIFICATE),0.3,True,AR
16-16824-000,7/8/2002,251000.0,WD(WARRANTY DEED),0.3,True,AR
16-16824-000,11/5/2001,3000.0,WD(WARRANTY DEED),0.3,True,AR
16-16824-000,11/12/1976,7000.0,WD(WARRANTY DEED),0.3,True,AR
16-16825-000,2/9/2025,0.0,ADHL(AR DEPT OF HEALTH LIST),0.31,False,AR
16-16825-000,6/23/2021,0.0,WD(WARRANTY DEED),0.31,False,AR
16-16825-000,6/23/2021,0.0,CERT(CERTIFICATE),0.31,False,AR
16-16825-000,7/14/2020,0.0,BD(BENEFICIARY DEED),0.31,False,AR
16-16825-000,6/25/2020,0.0,SWD(SPECIAL WARRANTY DEED),0.31,False,AR
16-16825-000,1/18/2004,0.0,DC(DEATH CERTIFICATE),0.31,False,AR
16-16825-000,7/8/2002,251000.0,WD(WARRANTY DEED),0.31,False,AR
16-16825-000,11/5/2001,2000.0,WD(WARRANTY DEED),0.31,False,AR
16-16825-000,9/9/1998,1000.0,COMMD(COMMISSIONERS DEED),0.31,False,AR
16-16825-000,9/9/1998,0.0,COMMD(COMMISSIONERS DEED),0.31,False,AR
16-16825-000,7/10/1997,0.0,OR(ORDER),0.31,False,AR
16-16825-000,12/13/1991,0.0,AFF(AFFIDAVIT),0.31,False,AR
16-16825-000,6/15/1991,0.0,DC(DEATH CERTIFICATE),0.31,False,AR
16-16825-000,11/16/1983,7000.0,WD(WARRANTY DEED),0.31,False,AR
16-16826-000,2/3/2025,16000.0,WD(WARRANTY DEED),0.3,False,AR
16-16826-000,12/20/2024,3000.0,WD(WARRANTY DEED),0.3,False,AR
16-16826-000,8/23/2022,0.0,DC(DEATH CERTIFICATE),0.3,False,AR
16-16826-000,9/12/1983,7000.0,WD(WARRANTY DEED),0.3,False,AR
16-16826-000,7/26/1981,8000.0,WD(WARRANTY DEED),0.3,False,AR
16-16826-000,7/26/1981,0.0,CONT(CONTRACT),0.3,False,AR
16-16827-000,4/30/2025,25000.0,WD(WARRANTY DEED),0.34,False,AR
16-16827-000,11/19/2015,0.0,WD(WARRANTY DEED),0.34,False,AR
16-16827-000,8/31/2015,10.0,WD(WARRANTY DEED),0.34,False,AR
16-16827-000,8/25/2015,0.0,WD(WARRANTY DEED),0.34,False,AR
16-16827-000,5/9/2014,1750.0,WD(WARRANTY DEED),0.34,False,AR
16-16827-000,11/21/2005,6000.0,WD(WARRANTY DEED),0.34,False,AR
16-16827-000,9/14/2005,6000.0,WD(WARRANTY DEED),0.34,False,AR
16-16827-000,8/3/2005,0.0,QCD(QUITCLAIM DEED),0.34,False,AR
16-16827-000,5/19/2003,0.0,QCD(QUITCLAIM DEED),0.34,False,AR
16-16827-000,10/30/2001,3000.0,WD(WARRANTY DEED),0.34,False,AR
16-16827-000,3/5/1984,0.0,LTR(LETTER),0.34,False,AR
16-16828-000,4/30/2025,25000.0,WD(WARRANTY DEED),0.36,False,AR
16-16828-000,11/19/2015,0.0,WD(WARRANTY DEED),0.36,False,AR
16-16828-000,8/31/2015,10.0,WD(WARRANTY DEED),0.36,False,AR
16-16828-000,8/25/2015,10.0,WD(WARRANTY DEED),0.36,False,AR
16-16828-000,5/9/2014,1750.0,WD(WARRANTY DEED),0.36,False,AR
16-16828-000,11/21/2005,6000.0,WD(WARRANTY DEED),0.36,False,AR
16-16828-000,9/15/2005,6000.0,WD(WARRANTY DEED),0.36,False,AR
16-16828-000,11/5/2001,2000.0,WD(WARRANTY DEED),0.36,False,AR
16-16828-000,8/10/1992,1000.0,WD(WARRANTY DEED),0.36,False,AR
16-16828-000,8/10/1992,1000.0,WD(WARRANTY DEED),0.36,False,AR
16-16828-000,9/12/1983,7000.0,WD(WARRANTY DEED),0.36,False,AR
16-16829-000,10/4/2021,0.0,LWD(LIMITED WARRANTY DEED),0.34,False,AR
16-16829-000,3/8/1985,7000.0,WD(WARRANTY DEED),0.34,False,AR
16-16830-000,9/24/2018,0.0,CORRWD(CORRECTED WARRANTY DEED),0.34,False,AR
16-16830-000,9/21/2018,15000.0,WD(WARRANTY DEED),0.34,False,AR
16-16830-000,12/7/2004,1000.0,QCD(QUITCLAIM DEED),0.34,False,AR
16-16830-000,8/28/2002,1000.0,QCD(QUITCLAIM DEED),0.34,False,AR
16-16830-000,9/7/1995,0.0,RD(REDEMPTION DEED),0.34,False,AR
16-16830-000,2/22/1984,7000.0,WD(WARRANTY DEED),0.34,False,AR
16-16831-000,9/21/2018,15000.0,WD(WARRANTY DEED),0.34,True,AR
16-16831-000,12/23/2008,0.0,RD(REDEMPTION DEED),0.34,True,AR
16-16831-000,9/18/2002,2000.0,WD(WARRANTY DEED),0.34,True,AR
16-16831-000,8/6/2002,0.0,MEMO(MEMORANDUM),0.34,True,AR
16-16831-000,6/3/1992,0.0,WD(WARRANTY DEED),0.34,True,AR
16-16831-000,1/30/1984,7000.0,WD(WARRANTY DEED),0.34,True,AR
16-16832-000,9/24/2018,4000.0,WD(WARRANTY DEED),0.39,False,AR
16-16832-000,5/17/2018,0.0,WD(WARRANTY DEED),0.39,False,AR
16-16832-000,1/7/2010,1000.0,WD(WARRANTY DEED),0.39,False,AR
16-16832-000,5/1/2000,1000.0,WD(WARRANTY DEED),0.39,False,AR
16-16832-000,3/10/2000,1000.0,WD(WARRANTY DEED),0.39,False,AR
16-16832-000,1/4/1984,7000.0,WD(WARRANTY DEED),0.39,False,AR
16-16833-000,9/15/2022,8000.0,WD(WARRANTY DEED),0.34,False,AR
16-16833-000,3/3/2021,0.0,LWD(LIMITED WARRANTY DEED),0.34,False,AR
16-16833-000,7/9/2010,0.0,RD(REDEMPTION DEED),0.34,False,AR
16-16833-000,11/22/2006,4000.0,WD(WARRANTY DEED),0.34,False,AR
16-16833-000,12/19/1997,0.0,RD(REDEMPTION DEED),0.34,False,AR
16-16833-000,9/1/1980,3000.0,WD(WARRANTY DEED),0.34,False,AR
16-16834-000,8/1/2024,0.0,WD(WARRANTY DEED),0.32,False,AR
16-16834-000,9/13/2021,9000.0,WD(WARRANTY DEED),0.32,False,AR
16-16834-000,8/24/2020,0.0,RD(REDEMPTION DEED),0.32,False,AR
16-16834-000,3/29/2010,0.0,WD(WARRANTY DEED),0.32,False,AR
16-16834-000,2/2/2010,0.0,DEED(GRANT DEED),0.32,False,AR
16-16834-000,11/24/2008,0.0,WD(WARRANTY DEED),0.32,False,AR
16-16834-000,3/27/2006,9000.0,WD(WARRANTY DEED),0.32,False,AR
16-16834-000,2/13/1997,1000.0,WD(WARRANTY DEED),0.32,False,AR
16-16834-000,1/14/1997,1000.0,WD(WARRANTY DEED),0.32,False,AR
16-16834-000,10/31/1994,7000.0,WD(WARRANTY DEED),0.32,False,AR
16-16835-000,5/1/2008,20000.0,WD(WARRANTY DEED),0.31,False,NY
16-16835-000,3/20/2006,9000.0,WD(WARRANTY DEED),0.31,False,NY
16-16835-000,7/4/1984,0.0,CONT(CONTRACT),0.31,False,NY
16-16835-000,7/4/1984,8000.0,WD(WARRANTY DEED),0.31,False,NY
16-16836-000,2/28/2018,13000.0,WD(WARRANTY DEED),0.3,False,AR
16-16836-000,8/19/2005,0.0,QCD(QUITCLAIM DEED),0.3,False,AR
16-16836-000,8/19/2005,15000.0,WD(WARRANTY DEED),0.3,False,AR
16-16836-000,3/24/2005,0.0,QCD(QUITCLAIM DEED),0.3,False,AR
16-16836-000,11/20/2003,0.0,RD(REDEMPTION DEED),0.3,False,AR
16-16837-000,2/28/2018,13000.0,WD(WARRANTY DEED),0.31,False,AR
16-16837-000,8/19/2005,0.0,QCD(QUITCLAIM DEED),0.31,False,AR
16-16837-000,8/19/2005,15000.0,WD(WARRANTY DEED),0.31,False,AR
16-16837-000,6/28/2005,1000.0,QCD(QUITCLAIM DEED),0.31,False,AR
16-16837-000,7/2/2003,0.0,QCD(QUITCLAIM DEED),0.31,False,AR
16-16837-000,12/2/1999,1000.0,WD(WARRANTY DEED),0.31,False,AR
16-16837-000,4/15/1998,1000.0,WD(WARRANTY DEED),0.31,False,AR
16-16837-000,11/20/1992,1000.0,WD(WARRANTY DEED),0.31,False,AR
16-16837-000,11/20/1992,1000.0,WD(WARRANTY DEED),0.31,False,AR
16-16837-000,10/12/1981,7000.0,WD(WARRANTY DEED),0.31,False,AR
16-16838-000,10/28/2024,625000.0,WD(WARRANTY DEED),0.31,True,AR
16-16838-000,8/30/2024,0.0,BD(BENEFICIARY DEED),0.31,True,AR
16-16838-000,2/17/2022,0.0,DC(DEATH CERTIFICATE),0.31,True,AR
16-16838-000,9/13/2018,328000.0,WD(WARRANTY DEED),0.31,True,AR
16-16838-000,6/10/2015,0.0,DC(DEATH CERTIFICATE),0.31,True,AR
16-16838-000,6/16/2014,0.0,QCD(QUITCLAIM DEED),0.31,True,AR
16-16838-000,12/27/2006,325000.0,WD(WARRANTY DEED),0.31,True,AR
16-16838-000,8/19/2005,2000.0,QCD(QUITCLAIM DEED),0.31,True,AR
16-16838-000,8/19/2005,15000.0,WD(WARRANTY DEED),0.31,True,AR
16-16838-000,3/24/2005,2000.0,QCD(QUITCLAIM DEED),0.31,True,AR
16-16838-000,11/20/1992,1000.0,WD(WARRANTY DEED),0.31,True,AR
16-16838-000,11/20/1992,1000.0,WD(WARRANTY DEED),0.31,True,AR
16-16838-000,10/12/1981,7000.0,WD(WARRANTY DEED),0.31,True,AR
16-16839-000,10/28/2024,625000.0,WD(WARRANTY DEED),0.29,True,AR
16-16839-000,8/30/2024,0.0,BD(BENEFICIARY DEED),0.29,True,AR
16-16839-000,2/17/2022,0.0,DC(DEATH CERTIFICATE),0.29,True,AR
16-16839-000,9/13/2018,328000.0,WD(WARRANTY DEED),0.29,True,AR
16-16839-000,6/10/2015,0.0,DC(DEATH CERTIFICATE),0.29,True,AR
16-16839-000,6/16/2014,0.0,QCD(QUITCLAIM DEED),0.29,True,AR
16-16839-000,4/9/2007,20000.0,WD(WARRANTY DEED),0.29,True,AR
16-16839-000,8/23/2005,0.0,WD(WARRANTY DEED),0.29,True,AR
16-16839-000,1/7/2004,0.0,QCD(QUITCLAIM DEED),0.29,True,AR
16-16839-000,1/7/2004,0.0,QCD(QUITCLAIM DEED),0.29,True,AR
16-16839-000,12/22/2000,0.0,RD(REDEMPTION DEED),0.29,True,AR
16-16839-000,12/12/2000,3000.0,QCD(QUITCLAIM DEED),0.29,True,AR
16-16839-000,12/12/2000,0.0,QCD(QUITCLAIM DEED),0.29,True,AR
16-16839-000,4/30/1998,0.0,QCD(QUITCLAIM DEED),0.29,True,AR
16-16840-000,12/18/2013,0.0,BD(BENEFICIARY DEED),0.27,False,FL
16-16840-000,9/30/1986,6000.0,WD(WARRANTY DEED),0.27,False,FL
16-16840-000,7/3/1986,0.0,QCD(QUITCLAIM DEED),0.27,False,FL
16-16841-000,9/15/2016,0.0,DC(DEATH CERTIFICATE),0.27,False,AR
16-16841-000,6/7/1994,1000.0,WD(WARRANTY DEED),0.27,False,AR
16-16841-000,6/2/1994,1000.0,WD(WARRANTY DEED),0.27,False,AR
16-16841-000,12/4/1979,7000.0,WD(WARRANTY DEED),0.27,False,AR
16-16842-000,7/27/2023,45000.0,CWD(CORPORATION WARRANTY DEED),0.29,False,AR
16-16842-000,5/4/2004,2000.0,WD(WARRANTY DEED),0.29,False,AR
16-16842-000,8/30/2001,5000.0,WD(WARRANTY DEED),0.29,False,AR
16-16842-000,6/4/1989,0.0,CONT(CONTRACT),0.29,False,AR
16-16842-000,7/30/1987,0.0,CONT(CONTRACT),0.29,False,AR
16-16842-000,1/23/1981,0.0,WD(WARRANTY DEED),0.29,False,AR
16-16843-000,4/14/2025,0.0,WD(WARRANTY DEED),0.3,False,AR
16-16843-000,4/14/2025,0.0,CERT(CERTIFICATE),0.3,False,AR
16-16843-000,3/9/2012,1000.0,SWD(SPECIAL WARRANTY DEED),0.3,False,AR
16-16843-000,11/14/2008,0.0,COMMD(COMMISSIONERS DEED),0.3,False,AR
16-16843-000,8/26/2008,0.0,RD(REDEMPTION DEED),0.3,False,AR
16-16843-000,8/22/2005,0.0,RD(REDEMPTION DEED),0.3,False,AR
16-16843-000,5/3/2001,0.0,WD(WARRANTY DEED),0.3,False,AR
16-16843-000,2/20/1985,0.0,CONT(CONTRACT),0.3,False,AR
16-16844-000,11/20/2018,355000.0,WD(WARRANTY DEED),0.25,False,
16-16844-000,7/10/2003,0.0,WD(WARRANTY DEED),0.25,False,
16-16844-000,7/10/2003,297000.0,WD(WARRANTY DEED),0.25,False,
16-16844-000,8/25/1994,3000.0,WD(WARRANTY DEED),0.25,False,
16-16844-000,11/2/1977,5000.0,WD(WARRANTY DEED),0.25,False,
16-16845-000,11/20/2018,355000.0,WD(WARRANTY DEED),0.27,True,
16-16845-000,7/10/2003,0.0,WD(WARRANTY DEED),0.27,True,
16-16845-000,7/10/2003,297000.0,WD(WARRANTY DEED),0.27,True,
16-16845-000,9/7/1994,7000.0,WD(WARRANTY DEED),0.27,True,
16-16845-000,6/23/1989,11000.0,WD(WARRANTY DEED),0.27,True,
16-16845-000,4/21/1988,0.0,WD(WARRANTY DEED),0.27,True,
16-16845-000,10/14/1981,10000.0,WD(WARRANTY DEED),0.27,True,
16-16846-000,11/20/2018,355000.0,WD(WARRANTY DEED),0.25,False,
16-16846-000,7/10/2003,0.0,WD(WARRANTY DEED),0.25,False,
16-16846-000,7/10/2003,297000.0,WD(WARRANTY DEED),0.25,False,
16-16846-000,2/1/1995,4000.0,WD(WARRANTY DEED),0.25,False,
16-16846-000,9/6/1983,6000.0,WD(WARRANTY DEED),0.25,False,
16-16847-000,1/14/2016,0.0,TRD(TRUSTEES DEED),0.3,False,AR
16-16847-000,1/14/2016,0.0,CERT(CERTIFICATE),0.3,False,AR
16-16847-000,4/24/2008,0.0,WD(WARRANTY DEED),0.3,False,AR
16-16847-000,4/24/2008,0.0,CERT(CERTIFICATE),0.3,False,AR
16-16847-000,7/12/1988,1000.0,WD(WARRANTY DEED),0.3,False,AR
16-16847-000,9/13/1983,7000.0,WD(WARRANTY DEED),0.3,False,AR
16-16848-000,3/5/2020,15000.0,WD(WARRANTY DEED),0.26,False,AR
16-16848-000,6/19/2006,13000.0,WD(WARRANTY DEED),0.26,False,AR
16-16848-000,3/29/2006,0.0,WD(WARRANTY DEED),0.26,False,AR
16-16848-000,3/29/2006,0.0,WD(WARRANTY DEED),0.26,False,AR
16-16848-000,3/29/2006,0.0,WD(WARRANTY DEED),0.26,False,AR
16-16848-000,3/29/2006,0.0,WD(WARRANTY DEED),0.26,False,AR
16-16848-000,3/29/2006,7000.0,WD(WARRANTY DEED),0.26,False,AR
16-16848-000,8/28/1987,0.0,DC(DEATH CERTIFICATE),0.26,False,AR
16-16848-000,11/15/1985,0.0,WD(WARRANTY DEED),0.26,False,AR
16-16849-000,3/5/2020,15000.0,WD(WARRANTY DEED),0.28,False,AR
16-16849-000,6/19/2006,11000.0,WD(WARRANTY DEED),0.28,False,AR
16-16849-000,6/12/1980,7000.0,WD(WARRANTY DEED),0.28,False,AR
16-16850-000,3/22/2006,223000.0,CORRWD(CORRECTED WARRANTY DEED),0.29,True,AR
16-16850-000,3/20/2006,223000.0,WD(WARRANTY DEED),0.29,True,AR
16-16850-000,2/23/2005,0.0,CORRWD(CORRECTED WARRANTY DEED),0.29,True,AR
16-16850-000,8/17/2004,4000.0,WD(WARRANTY DEED),0.29,True,AR
16-16850-000,8/17/2004,0.0,AFF(AFFIDAVIT),0.29,True,AR
16-16850-000,1/13/1992,0.0,WD(WARRANTY DEED),0.29,True,AR
16-16850-000,1/4/1984,7000.0,WD(WARRANTY DEED),0.29,True,AR
16-16851-000,12/6/2018,3500.0,WD(WARRANTY DEED),0.28,False,AR
16-16851-000,12/6/2018,0.0,WD(WARRANTY DEED),0.28,False,AR
16-16851-000,10/15/2003,0.0,QCD(QUITCLAIM DEED),0.28,False,AR
16-16851-000,3/4/1992,0.0,QCD(QUITCLAIM DEED),0.28,False,AR
16-16851-000,3/4/1992,0.0,MEMO(MEMORANDUM),0.28,False,AR
16-16851-000,9/3/1987,0.0,DC(DEATH CERTIFICATE),0.28,False,AR
16-16851-000,12/15/1983,7000.0,WD(WARRANTY DEED),0.28,False,AR
16-16852-000,10/24/2023,3000.0,COMMD(COMMISSIONERS DEED),0.29,False,AR
16-16852-000,2/17/2023,0.0,TRD(TRUSTEES DEED),0.29,False,AR
16-16852-000,4/22/2021,0.0,WD(WARRANTY DEED),0.29,False,AR
16-16852-000,3/15/2021,0.0,LWD(LIMITED WARRANTY DEED),0.29,False,AR
16-16852-000,12/16/2020,0.0,OTHER(OTHER DOCUMENT),0.29,False,AR
16-16852-000,8/23/2005,0.0,WD(WARRANTY DEED),0.29,False,AR
16-16852-000,10/10/2002,0.0,EXD(EXECUTOR-EXECUTRIX DEED),0.29,False,AR
16-16852-000,7/1/1987,0.0,DC(DEATH CERTIFICATE),0.29,False,AR
16-16852-000,12/9/1981,7000.0,WD(WARRANTY DEED),0.29,False,AR
16-16853-000,7/18/2024,0.0,QCD(QUITCLAIM DEED),0.45,False,AR
16-16853-000,5/8/2024,10000.0,WD(WARRANTY DEED),0.45,False,AR
16-16853-000,6/6/2017,0.0,RD(REDEMPTION DEED),0.45,False,AR
16-16853-000,12/18/2014,0.0,WD(WARRANTY DEED),0.45,False,AR
16-16853-000,10/2/2002,0.0,QCD(QUITCLAIM DEED),0.45,False,AR
16-16853-000,7/25/2002,0.0,AFF(AFFIDAVIT),0.45,False,AR
16-16853-000,12/8/2001,0.0,DC(DEATH CERTIFICATE),0.45,False,AR
16-16853-000,2/14/1984,7000.0,WD(WARRANTY DEED),0.45,False,AR
16-16854-000,12/29/2022,260000.0,WD(WARRANTY DEED),0.63,True,AR
16-16854-000,5/22/2020,157000.0,WD(WARRANTY DEED),0.63,True,AR
16-16854-000,4/29/2008,0.0,QCD(QUITCLAIM DEED),0.63,True,AR
16-16854-000,9/18/2000,81000.0,WD(WARRANTY DEED),0.63,True,AR
16-16854-000,6/26/1990,83000.0,WD(WARRANTY DEED),0.63,True,AR
16-16854-000,10/17/1989,5000.0,WD(WARRANTY DEED),0.63,True,AR
16-16854-000,10/5/1989,0.0,CONT(CONTRACT),0.63,True,AR
16-16854-000,11/9/1983,7000.0,WD(WARRANTY DEED),0.63,True,AR
16-16855-000,9/1/2022,355000.0,WD(WARRANTY DEED),0.72,True,AR
16-16855-000,3/10/2020,175000.0,WD(WARRANTY DEED),0.72,True,AR
16-16855-000,6/18/2013,163000.0,WD(WARRANTY DEED),0.72,True,AR
16-16855-000,2/21/2006,131000.0,WD(WARRANTY DEED),0.72,True,AR
16-16855-000,7/14/1997,79000.0,WD(WARRANTY DEED),0.72,True,AR
16-16855-000,8/19/1988,0.0,WD(WARRANTY DEED),0.72,True,AR
16-16856-000,12/1/2022,10000.0,TRWD(TRUSTEES WARRANTY DEED),0.65,False,TX
16-16856-000,8/19/2019,0.0,CERT(CERTIFICATE),0.65,False,TX
16-16856-000,5/30/2019,0.0,QCD(QUITCLAIM DEED),0.65,False,TX
16-16856-000,5/30/2019,0.0,CERT(CERTIFICATE),0.65,False,TX
16-16856-000,9/10/2014,0.0,QCD(QUITCLAIM DEED),0.65,False,TX
16-16856-000,3/28/2002,1000.0,QCD(QUITCLAIM DEED),0.65,False,TX
16-16856-000,2/20/2002,1000.0,QCD(QUITCLAIM DEED),0.65,False,TX
16-16856-000,2/13/2002,0.0,WD(WARRANTY DEED),0.65,False,TX
16-16856-000,1/19/1984,7000.0,WD(WARRANTY DEED),0.65,False,TX
16-16857-000,7/13/2017,2500.0,WD(WARRANTY DEED),0.52,False,AK
16-16857-000,8/29/2016,1000.0,WD(WARRANTY DEED),0.52,False,AK
16-16857-000,10/23/1984,0.0,CONT(CONTRACT),0.52,False,AK
16-16857-000,8/24/1984,8000.0,WD(WARRANTY DEED),0.52,False,AK
16-16858-000,10/6/2020,276000.0,WD(WARRANTY DEED),0.4,False,AR
16-16858-000,7/10/2017,4000.0,WD(WARRANTY DEED),0.4,False,AR
16-16858-000,4/4/2006,9000.0,WD(WARRANTY DEED),0.4,False,AR
16-16858-000,8/31/2000,0.0,QCD(QUITCLAIM DEED),0.4,False,AR
16-16858-000,12/27/1994,6000.0,WD(WARRANTY DEED),0.4,False,AR
16-16858-000,10/6/1993,10800.0,WD(WARRANTY DEED),0.4,False,AR
16-16858-000,5/1/1982,7000.0,WD(WARRANTY DEED),0.4,False,AR
16-16859-000,10/6/2020,276000.0,WD(WARRANTY DEED),0.35,True,AR
16-16859-000,9/29/2015,175000.0,WD(WARRANTY DEED),0.35,True,AR
16-16859-000,9/29/2015,0.0,MEMO(MEMORANDUM),0.35,True,AR
16-16859-000,4/24/2015,0.0,EXD(EXECUTOR-EXECUTRIX DEED),0.35,True,AR
16-16859-000,2/11/2009,215000.0,WD(WARRANTY DEED),0.35,True,AR
16-16859-000,7/8/2005,8000.0,WD(WARRANTY DEED),0.35,True,AR
16-16859-000,4/5/2004,3000.0,WD(WARRANTY DEED),0.35,True,AR
16-16859-000,12/23/1982,7000.0,WD(WARRANTY DEED),0.35,True,AR
16-16860-000,11/3/2008,238000.0,WD(WARRANTY DEED),0.3,True,AR
16-16860-000,11/13/2006,232000.0,WD(WARRANTY DEED),0.3,True,AR
16-16860-000,1/31/2006,8000.0,WD(WARRANTY DEED),0.3,True,AR
16-16860-000,7/8/2005,0.0,WD(WARRANTY DEED),0.3,True,AR
16-16860-000,4/12/2004,3000.0,WD(WARRANTY DEED),0.3,True,AR
16-16860-000,11/29/1981,9000.0,WD(WARRANTY DEED),0.3,True,AR
16-16861-000,1/5/2017,0.0,RD(REDEMPTION DEED),0.35,False,AR
16-16861-000,12/28/2016,2500.0,WD(WARRANTY DEED),0.35,False,AR
16-16861-000,8/28/2009,1451000.0,QCD(QUITCLAIM DEED),0.35,False,AR
16-16861-000,8/21/2009,402000.0,DEED(GRANT DEED),0.35,False,AR
16-16861-000,9/15/2008,0.0,DEED(GRANT DEED),0.35,False,AR
16-16861-000,8/17/2005,16000.0,WD(WARRANTY DEED),0.35,False,AR
16-16861-000,7/27/2005,3000.0,WD(WARRANTY DEED),0.35,False,AR
16-16861-000,7/13/1990,2000.0,WD(WARRANTY DEED),0.35,False,AR
16-16861-000,11/20/1986,0.0,HIST(HISTORICAL),0.35,False,AR
16-16862-000,7/15/1996,0.0,QCD(QUITCLAIM DEED),0.35,False,KS
16-16862-000,7/15/1996,0.0,QCD(QUITCLAIM DEED),0.35,False,KS
16-16862-000,2/22/1984,0.0,WD(WARRANTY DEED),0.35,False,KS
16-16863-000,6/6/2022,0.0,WD(WARRANTY DEED),0.3,False,AR
16-16863-000,10/20/2020,6000.0,WD(WARRANTY DEED),0.3,False,AR
16-16863-000,9/15/1993,0.0,RD(REDEMPTION DEED),0.3,False,AR
16-16863-000,10/16/1991,4500.0,WD(WARRANTY DEED),0.3,False,AR
16-16864-000,9/26/2017,0.0,WD(WARRANTY DEED),0.33,True,AR
16-16864-000,9/26/2017,0.0,CERT(CERTIFICATE),0.33,True,AR
16-16864-000,9/30/2008,137000.0,WD(WARRANTY DEED),0.33,True,AR
16-16864-000,11/25/1998,0.0,WD(WARRANTY DEED),0.33,True,AR
16-16864-000,11/24/1998,0.0,CERT(CERTIFICATE),0.33,True,AR
16-16864-000,8/1/1994,101000.0,WD(WARRANTY DEED),0.33,True,AR
16-16864-000,7/8/1991,5000.0,WD(WARRANTY DEED),0.33,True,AR
16-16864-000,5/23/1983,7000.0,WILL(WILL),0.33,True,AR
16-16865-000,2/26/2025,14000.0,WD(WARRANTY DEED),0.33,False,AR
16-16865-000,9/29/2016,0.0,QCD(QUITCLAIM DEED),0.33,False,AR
16-16865-000,9/1/2016,0.0,TRD(TRUSTEES DEED),0.33,False,AR
16-16865-000,5/15/1992,0.0,WD(WARRANTY DEED),0.33,False,AR
16-16865-000,5/12/1991,0.0,DC(DEATH CERTIFICATE),0.33,False,AR
16-16865-000,11/19/1976,7000.0,WD(WARRANTY DEED),0.33,False,AR
16-16866-000,10/15/2024,17000.0,WD(WARRANTY DEED),0.31,False,AR
16-16866-000,6/8/2021,18000.0,WD(WARRANTY DEED),0.31,False,AR
16-16866-000,10/5/2011,0.0,QCD(QUITCLAIM DEED),0.31,False,AR
16-16866-000,10/5/2011,1693333.0,CORRQC(CORRECTED QUIT CLAIM DEED),0.31,False,AR
16-16866-000,11/24/2008,0.0,WD(WARRANTY DEED),0.31,False,AR
16-16866-000,1/20/2006,6000.0,WD(WARRANTY DEED),0.31,False,AR
16-16866-000,1/13/2004,0.0,RD(REDEMPTION DEED),0.31,False,AR
16-16866-000,12/19/2000,0.0,HIST(HISTORICAL),0.31,False,AR
16-16866-000,3/5/1991,3000.0,WD(WARRANTY DEED),0.31,False,AR
16-16866-000,10/1/1975,5000.0,WD(WARRANTY DEED),0.31,False,AR
16-16867-000,3/15/2022,207000.0,WD(WARRANTY DEED),0.32,True,AR
16-16867-000,9/9/2015,0.0,QCD(QUITCLAIM DEED),0.32,True,AR
16-16867-000,7/13/2004,0.0,WD(WARRANTY DEED),0.32,True,AR
16-16867-000,9/10/2002,0.0,QCD(QUITCLAIM DEED),0.32,True,AR
16-16867-000,8/20/2001,0.0,DC(DEATH CERTIFICATE),0.32,True,AR
16-16867-000,11/29/2000,0.0,QCD(QUITCLAIM DEED),0.32,True,AR
16-16867-000,11/20/2000,0.0,DC(DEATH CERTIFICATE),0.32,True,AR
16-16867-000,12/1/1994,0.0,WD(WARRANTY DEED),0.32,True,AR
16-16867-000,12/1/1994,0.0,CERT(CERTIFICATE),0.32,True,AR
16-16867-000,11/12/1991,6000.0,WD(WARRANTY DEED),0.32,True,AR
16-16867-000,6/19/1991,4000.0,WD(WARRANTY DEED),0.32,True,AR
16-16867-000,2/11/1986,6000.0,WD(WARRANTY DEED),0.32,True,AR
16-16868-000,11/27/2007,130000.0,WD(WARRANTY DEED),0.31,True,AR
16-16868-000,5/25/2005,128000.0,WD(WARRANTY DEED),0.31,True,AR
16-16868-000,9/19/2003,109000.0,WD(WARRANTY DEED),0.31,True,AR
16-16868-000,9/22/1999,0.0,CORRWD(CORRECTED WARRANTY DEED),0.31,True,AR
16-16868-000,9/22/1999,94000.0,WD(WARRANTY DEED),0.31,True,AR
16-16868-000,4/14/1998,0.0,WD(WARRANTY DEED),0.31,True,AR
16-16868-000,3/11/1998,8000.0,CWD(CORPORATION WARRANTY DEED),0.31,True,AR
16-16868-000,12/23/1996,3000.0,WD(WARRANTY DEED),0.31,True,AR
16-16868-000,2/19/1990,0.0,CONT(CONTRACT),0.31,True,AR
16-16868-000,1/21/1987,7000.0,WD(WARRANTY DEED),0.31,True,AR
16-16868-000,12/5/1983,7000.0,WD(WARRANTY DEED),0.31,True,AR
16-16869-000,5/15/2024,0.0,AFF(AFFIDAVIT),0.31,True,AR
16-16869-000,10/23/2023,0.0,AFF(AFFIDAVIT),0.31,True,AR
16-16869-000,8/24/2023,276000.0,WD(WARRANTY DEED),0.31,True,AR
16-16869-000,2/24/2006,116000.0,TRD(TRUSTEES DEED),0.31,True,AR
16-16869-000,4/16/2001,0.0,QCD(QUITCLAIM DEED),0.31,True,AR
16-16869-000,5/24/1994,100000.0,WD(WARRANTY DEED),0.31,True,AR
16-16869-000,9/24/1993,0.0,QCD(QUITCLAIM DEED),0.31,True,AR
16-16869-000,7/22/1993,0.0,AB(ABSTRACT OF TRUST),0.31,True,AR
16-16869-000,4/20/1992,89000.0,WD(WARRANTY DEED),0.31,True,AR
16-16869-000,7/25/1991,4000.0,WD(WARRANTY DEED),0.31,True,AR
16-16869-000,11/17/1983,7000.0,WD(WARRANTY DEED),0.31,True,AR
16-16870-000,12/28/2021,225000.0,WD(WARRANTY DEED),0.33,True,AR
16-16870-000,5/16/2009,129000.0,WD(WARRANTY DEED),0.33,True,AR
16-16870-000,7/1/1993,95000.0,WD(WARRANTY DEED),0.33,True,AR
16-16870-000,1/15/1993,3000.0,WD(WARRANTY DEED),0.33,True,AR
16-16870-000,9/2/1977,5000.0,WD(WARRANTY DEED),0.33,True,AR
16-16871-000,9/17/2019,0.0,RD(REDEMPTION DEED),0.36,False,TX
16-16871-000,6/19/1997,0.0,WD(WARRANTY DEED),0.36,False,TX
16-16872-000,3/6/2025,0.0,QCD(QUITCLAIM DEED),0.3,False,AR
16-16872-000,3/31/2021,0.0,BD(BENEFICIARY DEED),0.3,False,AR
16-16872-000,6/16/2009,0.0,WD(WARRANTY DEED),0.3,False,AR
16-16872-000,6/16/2009,0.0,CERT(CERTIFICATE),0.3,False,AR
16-16872-000,9/13/2002,0.0,WD(WARRANTY DEED),0.3,False,AR
16-16872-000,9/12/2002,1000.0,QCD(QUITCLAIM DEED),0.3,False,AR
16-16872-000,1/6/1986,4000.0,WD(WARRANTY DEED),0.3,False,AR
16-16873-000,7/5/2017,1000.0,QCD(QUITCLAIM DEED),0.31,False,TX
16-16873-000,6/7/2017,0.0,LWD(LIMITED WARRANTY DEED),0.31,False,TX
16-16873-000,4/9/2007,15000.0,WD(WARRANTY DEED),0.31,False,TX
16-16873-000,8/31/2005,3000.0,WD(WARRANTY DEED),0.31,False,TX
16-16873-000,10/6/1992,4000.0,WD(WARRANTY DEED),0.31,False,TX
16-16873-000,9/20/1990,0.0,WD(WARRANTY DEED),0.31,False,TX
16-16873-000,12/31/1984,7000.0,WD(WARRANTY DEED),0.31,False,TX
16-16874-000,6/13/2007,0.0,WD(WARRANTY DEED),0.29,False,AR
16-16874-000,6/13/2007,0.0,TRD(TRUSTEES DEED),0.29,False,AR
16-16874-000,6/13/2007,0.0,TRD(TRUSTEES DEED),0.29,False,AR
16-16874-000,2/3/2000,0.0,TRAG(TRUST AGREEMENT),0.29,False,AR
16-16874-000,9/1/1992,1000.0,WD(WARRANTY DEED),0.29,False,AR
16-16874-000,8/31/1992,1000.0,WD(WARRANTY DEED),0.29,False,AR
16-16874-000,7/30/1992,0.0,CONT(CONTRACT),0.29,False,AR
16-16874-000,6/16/1983,0.0,CONT(CONTRACT),0.29,False,AR
16-16874-000,2/1/1978,5000.0,WD(WARRANTY DEED),0.29,False,AR
16-16875-000,5/24/2022,0.0,LWD(LIMITED WARRANTY DEED),0.43,False,AR
16-16875-000,2/26/2015,0.0,RD(REDEMPTION DEED),0.43,False,AR
16-16875-000,8/9/2006,18000.0,WD(WARRANTY DEED),0.43,False,AR
16-16875-000,6/27/2006,5000.0,WD(WARRANTY DEED),0.43,False,AR
16-16875-000,10/21/1998,1000.0,WD(WARRANTY DEED),0.43,False,AR
16-16875-000,4/14/1998,0.0,QCD(QUITCLAIM DEED),0.43,False,AR
16-16875-000,12/2/1997,6000.0,WD(WARRANTY DEED),0.43,False,AR
16-16875-000,5/2/1983,6000.0,WD(WARRANTY DEED),0.43,False,AR
16-16876-000,9/6/2022,20000.0,WD(WARRANTY DEED),0.39,False,TX
16-16876-000,7/25/2022,9000.0,WD(WARRANTY DEED),0.39,False,TX
16-16876-000,12/11/2020,0.0,LWD(LIMITED WARRANTY DEED),0.39,False,TX
16-16876-000,9/12/1983,6000.0,WD(WARRANTY DEED),0.39,False,TX
16-16877-000,7/21/2022,525000.0,WD(WARRANTY DEED),0.49,False,TX
16-16877-000,3/23/2020,0.0,QCD(QUITCLAIM DEED),0.49,False,TX
16-16877-000,11/6/2019,0.0,QCD(QUITCLAIM DEED),0.49,False,TX
16-16877-000,2/19/2019,11000.0,WD(WARRANTY DEED),0.49,False,TX
16-16877-000,12/30/2011,7000.0,CWD(CORPORATION WARRANTY DEED),0.49,False,TX
16-16877-000,5/16/2005,4000.0,WD(WARRANTY DEED),0.49,False,TX
16-16877-000,2/4/2005,0.0,COMMD(COMMISSIONERS DEED),0.49,False,TX
16-16877-000,8/2/1999,1000.0,WD(WARRANTY DEED),0.49,False,TX
16-16877-000,7/1/1987,0.0,WD(WARRANTY DEED),0.49,False,TX
16-16877-000,9/13/1985,0.0,CWD(CORPORATION WARRANTY DEED),0.49,False,TX
16-16877-000,12/19/1984,0.0,WD(WARRANTY DEED),0.49,False,TX
16-16877-000,2/8/1984,0.0,WD(WARRANTY DEED),0.49,False,TX
16-16878-000,7/21/2022,525000.0,WD(WARRANTY DEED),0.46,True,TX
16-16878-000,3/23/2020,0.0,QCD(QUITCLAIM DEED),0.46,True,TX
16-16878-000,11/6/2019,0.0,QCD(QUITCLAIM DEED),0.46,True,TX
16-16878-000,2/19/2019,11000.0,WD(WARRANTY DEED),0.46,True,TX
16-16878-000,12/30/2011,0.0,CWD(CORPORATION WARRANTY DEED),0.46,True,TX
16-16878-000,3/24/2005,4000.0,WD(WARRANTY DEED),0.46,True,TX
16-16878-000,10/6/1992,4000.0,WD(WARRANTY DEED),0.46,True,TX
16-16878-000,4/2/1992,8000.0,WD(WARRANTY DEED),0.46,True,TX
16-16878-000,6/21/1976,8000.0,WD(WARRANTY DEED),0.46,True,TX
16-16879-000,6/13/2024,0.0,BD(BENEFICIARY DEED),0.37,True,AR
16-16879-000,6/11/2024,400000.0,WD(WARRANTY DEED),0.37,True,AR
16-16879-000,12/25/2023,0.0,DC(DEATH CERTIFICATE),0.37,True,AR
16-16879-000,6/10/2016,205000.0,WD(WARRANTY DEED),0.37,True,AR
16-16879-000,12/7/2012,0.0,WD(WARRANTY DEED),0.37,True,AR
16-16879-000,2/8/2012,0.0,QCD(QUITCLAIM DEED),0.37,True,AR
16-16879-000,9/25/2006,220000.0,WD(WARRANTY DEED),0.37,True,AR
16-16879-000,10/31/2005,10000.0,WD(WARRANTY DEED),0.37,True,AR
16-16879-000,11/24/2004,0.0,QCD(QUITCLAIM DEED),0.37,True,AR
16-16879-000,11/12/2004,0.0,QCD(QUITCLAIM DEED),0.37,True,AR
16-16879-000,3/14/1989,0.0,DC(DEATH CERTIFICATE),0.37,True,AR
16-16879-000,5/18/1979,7000.0,WD(WARRANTY DEED),0.37,True,AR
16-16880-000,8/12/2024,9000.0,TRWD(TRUSTEES WARRANTY DEED),0.28,False,AR
16-16880-000,8/12/2024,0.0,CERT(CERTIFICATE),0.28,False,AR
16-16880-000,5/4/2022,0.0,QCD(QUITCLAIM DEED),0.28,False,AR
16-16880-000,5/4/2022,0.0,CERT(CERTIFICATE),0.28,False,AR
16-16880-000,5/4/2022,0.0,AFF(AFFIDAVIT),0.28,False,AR
16-16880-000,12/28/1994,0.0,WD(WARRANTY DEED),0.28,False,AR
16-16880-000,12/28/1994,0.0,DC(DEATH CERTIFICATE),0.28,False,AR
16-16880-000,2/19/1986,0.0,HIST(HISTORICAL),0.28,False,AR
16-16880-000,4/11/1980,7000.0,WD(WARRANTY DEED),0.28,False,AR
16-16881-000,4/14/2023,300000.0,CWD(CORPORATION WARRANTY DEED),0.28,True,AR
16-16881-000,7/19/2004,2000.0,WD(WARRANTY DEED),0.28,True,AR
16-16881-000,2/21/1996,8000.0,WD(WARRANTY DEED),0.28,True,AR
16-16881-000,9/12/1983,7000.0,WD(WARRANTY DEED),0.28,True,AR
16-16881-000,7/1/1982,0.0,CONT(CONTRACT),0.28,True,AR
16-16882-000,7/30/2024,0.0,CERT(CERTIFICATE),0.35,True,AR
16-16882-000,5/11/2023,0.0,TRWD(TRUSTEES WARRANTY DEED),0.35,True,AR
16-16882-000,5/11/2023,0.0,CERT(CERTIFICATE),0.35,True,AR
16-16882-000,12/6/2020,0.0,DC(DEATH CERTIFICATE),0.35,True,AR
16-16882-000,4/1/2016,230000.0,WD(WARRANTY DEED),0.35,True,AR
16-16882-000,11/22/2005,246000.0,WD(WARRANTY DEED),0.35,True,AR
16-16882-000,8/17/1999,6000.0,TRD(TRUSTEES DEED),0.35,True,AR
16-16882-000,7/12/1994,0.0,QCD(QUITCLAIM DEED),0.35,True,AR
16-16882-000,7/18/1980,5000.0,WD(WARRANTY DEED),0.35,True,AR
16-16884-000,3/29/1989,7000.0,WD(WARRANTY DEED),0.59,True,AR
16-16884-000,3/16/1989,6000.0,WD(WARRANTY DEED),0.59,True,AR
16-16884-000,5/2/1988,5000.0,WD(WARRANTY DEED),0.59,True,AR
16-16884-000,9/5/1984,7000.0,WD(WARRANTY DEED),0.59,True,AR
16-16885-000,6/17/2022,20000.0,WD(WARRANTY DEED),0.29,True,TX
16-16885-000,2/16/2017,0.0,RD(REDEMPTION DEED),0.29,True,TX
16-16885-000,8/28/2009,1451000.0,QCD(QUITCLAIM DEED),0.29,True,TX
16-16885-000,8/21/2009,402000.0,DEED(GRANT DEED),0.29,True,TX
16-16885-000,9/15/2008,0.0,DEED(GRANT DEED),0.29,True,TX
16-16885-000,10/17/2007,5000.0,WD(WARRANTY DEED),0.29,True,TX
16-16885-000,7/3/2006,0.0,RD(REDEMPTION DEED),0.29,True,TX
16-16885-000,8/3/1990,0.0,ML(MARRIAGE LICENSE),0.29,True,TX
16-16885-000,4/26/1983,7000.0,WD(WARRANTY DEED),0.29,True,TX
16-16886-000,5/8/2014,0.0,CORRWD(CORRECTED WARRANTY DEED),0.28,False,OH
16-16886-000,3/21/2014,7244.0,WD(WARRANTY DEED),0.28,False,OH
16-16886-000,6/21/2013,52000.0,WD(WARRANTY DEED),0.28,False,OH
16-16886-000,3/18/2009,0.0,QCD(QUITCLAIM DEED),0.28,False,OH
16-16886-000,11/24/2008,0.0,WD(WARRANTY DEED),0.28,False,OH
16-16886-000,11/21/2005,6000.0,WD(WARRANTY DEED),0.28,False,OH
16-16886-000,4/5/1995,10000.0,WD(WARRANTY DEED),0.28,False,OH
16-16886-000,9/22/1991,0.0,DC(DEATH CERTIFICATE),0.28,False,OH
16-16886-000,10/31/1984,0.0,CONT(CONTRACT),0.28,False,OH
16-16887-000,5/24/2001,1000.0,CWD(CORPORATION WARRANTY DEED),0.26,False,FL
16-16887-000,10/16/2000,0.0,COMMD(COMMISSIONERS DEED),0.26,False,FL
16-16887-000,12/29/1978,7000.0,WD(WARRANTY DEED),0.26,False,FL
16-16888-000,5/11/2024,10500.0,WD(WARRANTY DEED),0.29,False,AR
16-16888-000,4/17/2024,2505.0,WD(WARRANTY DEED),0.29,False,AR
16-16888-000,1/27/2020,0.0,DC(DEATH CERTIFICATE),0.29,False,AR
16-16888-000,1/30/1997,8000.0,WD(WARRANTY DEED),0.29,False,AR
16-16888-000,7/14/1983,6000.0,WD(WARRANTY DEED),0.29,False,AR
16-16888-000,9/24/1981,0.0,CONT(CONTRACT),0.29,False,AR
16-16889-000,7/3/2018,150000.0,WD(WARRANTY DEED),0.3,True,AR
16-16889-000,2/29/2008,0.0,QCD(QUITCLAIM DEED),0.3,True,AR
16-16889-000,2/5/2008,109000.0,QCD(QUITCLAIM DEED),0.3,True,AR
16-16889-000,2/27/2006,108000.0,WD(WARRANTY DEED),0.3,True,AR
16-16889-000,6/7/2000,68000.0,WD(WARRANTY DEED),0.3,True,AR
16-16889-000,12/13/1996,69000.0,WD(WARRANTY DEED),0.3,True,AR
16-16889-000,11/9/1995,58000.0,WD(WARRANTY DEED),0.3,True,AR
16-16889-000,9/21/1990,0.0,MEMO(MEMORANDUM),0.3,True,AR
16-16889-000,8/17/1984,7000.0,WD(WARRANTY DEED),0.3,True,AR
16-16890-000,11/29/2021,0.0,QCD(QUITCLAIM DEED),0.31,False,
16-16890-000,4/1/2019,6000.0,SWD(SPECIAL WARRANTY DEED),0.31,False,
16-16890-000,2/7/2018,0.0,RD(REDEMPTION DEED),0.31,False,
16-16890-000,2/21/2017,0.0,WD(WARRANTY DEED),0.31,False,
16-16890-000,10/24/2016,0.0,WD(WARRANTY DEED),0.31,False,
16-16890-000,6/27/2016,0.0,WD(WARRANTY DEED),0.31,False,
16-16890-000,7/3/2014,0.0,LWD(LIMITED WARRANTY DEED),0.31,False,
16-16890-000,5/13/2008,20000.0,WD(WARRANTY DEED),0.31,False,
16-16890-000,2/2/2006,9000.0,WD(WARRANTY DEED),0.31,False,
16-16890-000,10/31/2002,3000.0,WD(WARRANTY DEED),0.31,False,
16-16890-000,10/30/2002,0.0,WD(WARRANTY DEED),0.31,False,
16-16890-000,1/30/1984,7000.0,WD(WARRANTY DEED),0.31,False,
16-16891-000,9/12/2024,0.0,QCD(QUITCLAIM DEED),0.27,True,AR
16-16891-000,4/28/2023,310000.0,WD(WARRANTY DEED),0.27,True,AR
16-16891-000,1/25/2022,12500.0,WD(WARRANTY DEED),0.27,True,AR
16-16891-000,10/4/2021,26000.0,WD(WARRANTY DEED),0.27,True,AR
16-16891-000,10/14/2020,3000.0,WD(WARRANTY DEED),0.27,True,AR
16-16891-000,5/16/2016,0.0,DC(DEATH CERTIFICATE),0.27,True,AR
16-16891-000,6/12/1981,10000.0,WD(WARRANTY DEED),0.27,True,AR
16-16891-000,4/20/1981,2000.0,WD(WARRANTY DEED),0.27,True,AR
16-16892-000,4/21/2005,1000.0,WD(WARRANTY DEED),0.44,False,OK
16-16892-000,8/2/1989,1000.0,WD(WARRANTY DEED),0.44,False,OK
16-16892-000,1/23/1974,6000.0,WD(WARRANTY DEED),0.44,False,OK
16-16893-000,12/9/2018,0.0,SWD(SPECIAL WARRANTY DEED),0.28,False,CA
16-16893-000,12/22/2015,0.0,COMMD(COMMISSIONERS DEED),0.28,False,CA
16-16893-000,8/25/2015,0.0,RD(REDEMPTION DEED),0.28,False,CA
16-16893-000,8/29/2013,0.0,RD(REDEMPTION DEED),0.28,False,CA
16-16893-000,10/11/1993,8500.0,WD(WARRANTY DEED),0.28,False,CA
16-16893-000,8/4/1983,7000.0,WD(WARRANTY DEED),0.28,False,CA
16-16893-000,8/1/1983,0.0,CONT(CONTRACT),0.28,False,CA
16-16894-000,9/16/2020,10.0,WD(WARRANTY DEED),0.28,False,UT
16-16894-000,1/12/2016,0.0,WD(WARRANTY DEED),0.28,False,UT
16-16894-000,11/18/2015,46000.0,CORRWD(CORRECTED WARRANTY DEED),0.28,False,UT
16-16894-000,11/18/2015,0.0,WD(WARRANTY DEED),0.28,False,UT
16-16894-000,11/29/2010,0.0,WD(WARRANTY DEED),0.28,False,UT
16-16894-000,8/1/2006,0.0,CORRWD(CORRECTED WARRANTY DEED),0.28,False,UT
16-16894-000,2/24/2006,731000.0,WD(WARRANTY DEED),0.28,False,UT
16-16894-000,12/13/2005,7000.0,WD(WARRANTY DEED),0.28,False,UT
16-16894-000,1/29/1980,6000.0,WD(WARRANTY DEED),0.28,False,UT
16-16895-000,12/6/2021,305000.0,WD(WARRANTY DEED),0.28,True,AR
16-16895-000,11/8/2019,215000.0,CORRWD(CORRECTED WARRANTY DEED),0.28,True,AR
16-16895-000,11/8/2019,215000.0,WD(WARRANTY DEED),0.28,True,AR
16-16895-000,5/24/2019,100000.0,WD(WARRANTY DEED),0.28,True,AR
16-16895-000,10/9/2003,0.0,LWD(LIMITED WARRANTY DEED),0.28,True,AR
16-16895-000,12/6/1995,88000.0,WD(WARRANTY DEED),0.28,True,AR
16-16895-000,6/29/1983,3000.0,WD(WARRANTY DEED),0.28,True,AR
16-16896-000,4/15/2025,20000.0,WD(WARRANTY DEED),0.29,False,FL
16-16896-000,6/10/2022,0.0,QCD(QUITCLAIM DEED),0.29,False,FL
16-16896-000,5/13/2022,210000.0,WD(WARRANTY DEED),0.29,False,FL
16-16896-000,11/19/2018,10000.0,SWD(SPECIAL WARRANTY DEED),0.29,False,FL
16-16896-000,10/30/2018,0.0,LWD(LIMITED WARRANTY DEED),0.29,False,FL
16-16896-000,10/5/2011,0.0,QCD(QUITCLAIM DEED),0.29,False,FL
16-16896-000,10/5/2011,1693333.0,CORRQC(CORRECTED QUIT CLAIM DEED),0.29,False,FL
16-16896-000,11/24/2008,0.0,WD(WARRANTY DEED),0.29,False,FL
16-16896-000,8/23/2005,0.0,WD(WARRANTY DEED),0.29,False,FL
16-16896-000,1/8/1999,1000.0,WD(WARRANTY DEED),0.29,False,FL
16-16896-000,4/16/1992,0.0,WD(WARRANTY DEED),0.29,False,FL
16-16896-000,10/1/1990,5000.0,WD(WARRANTY DEED),0.29,False,FL
16-16896-000,12/12/1986,4000.0,WD(WARRANTY DEED),0.29,False,FL
16-16897-000,3/14/2018,1000.0,SWD(SPECIAL WARRANTY DEED),0.25,False,AR
16-16897-000,6/18/2014,0.0,COMMD(COMMISSIONERS DEED),0.25,False,AR
16-16897-000,10/17/2013,0.0,RD(REDEMPTION DEED),0.25,False,AR
16-16897-000,10/28/2011,0.0,RD(REDEMPTION DEED),0.25,False,AR
16-16897-000,5/13/2008,15000.0,WD(WARRANTY DEED),0.25,False,AR
16-16897-000,4/20/2005,1000.0,WD(WARRANTY DEED),0.25,False,AR
16-16897-000,6/18/2003,0.0,DC(DEATH CERTIFICATE),0.25,False,AR
16-16897-000,3/10/1987,0.0,WD(WARRANTY DEED),0.25,False,AR
16-16897-000,9/19/1984,0.0,WD(WARRANTY DEED),0.25,False,AR
16-16898-000,1/19/2024,16000.0,WD(WARRANTY DEED),0.28,False,TX
16-16898-000,1/18/2024,60000.0,WD(WARRANTY DEED),0.28,False,TX
16-16898-000,1/10/2024,25000.0,WD(WARRANTY DEED),0.28,False,TX
16-16898-000,3/23/2021,0.0,LWD(LIMITED WARRANTY DEED),0.28,False,TX
16-16898-000,6/11/1975,7000.0,WD(WARRANTY DEED),0.28,False,TX
16-16899-000,6/23/1983,7000.0,WD(WARRANTY DEED),0.23,False,FL
16-16900-000,6/30/2022,9000.0,WD(WARRANTY DEED),0.29,False,TX
16-16900-000,3/23/2021,0.0,LWD(LIMITED WARRANTY DEED),0.29,False,TX
16-16900-000,8/28/2009,1451000.0,QCD(QUITCLAIM DEED),0.29,False,TX
16-16900-000,8/21/2009,402000.0,DEED(GRANT DEED),0.29,False,TX
16-16900-000,9/15/2008,0.0,DEED(GRANT DEED),0.29,False,TX
16-16900-000,9/23/2005,6000.0,WD(WARRANTY DEED),0.29,False,TX
16-16900-000,10/27/1999,0.0,QCD(QUITCLAIM DEED),0.29,False,TX
16-16900-000,7/20/1993,1000.0,WD(WARRANTY DEED),0.29,False,TX
16-16900-000,7/19/1993,1000.0,WD(WARRANTY DEED),0.29,False,TX
16-16900-000,2/1/1979,6000.0,WD(WARRANTY DEED),0.29,False,TX
16-16901-000,7/27/2022,7000.0,TRWD(TRUSTEES WARRANTY DEED),0.3,False,AR
16-16901-000,7/25/2022,0.0,CERT(CERTIFICATE),0.3,False,AR
16-16901-000,12/22/1997,0.0,QCD(QUITCLAIM DEED),0.3,False,AR
16-16901-000,8/21/1996,7000.0,WD(WARRANTY DEED),0.3,False,AR
16-16901-000,1/10/1984,6000.0,WD(WARRANTY DEED),0.3,False,AR
16-16902-000,8/21/2023,3600.0,COMMD(COMMISSIONERS DEED),0.28,False,AR
16-16902-000,6/20/2017,0.0,RD(REDEMPTION DEED),0.28,False,AR
16-16902-000,6/9/2002,0.0,DC(DEATH CERTIFICATE),0.28,False,AR
16-16902-000,1/20/1987,2000.0,WD(WARRANTY DEED),0.28,False,AR
16-16902-000,12/16/1983,7000.0,WD(WARRANTY DEED),0.28,False,AR
16-16903-000,11/15/2018,0.0,DC(DEATH CERTIFICATE),0.26,False,WI
16-16903-000,8/4/1982,10000.0,WD(WARRANTY DEED),0.26,False,WI
16-16904-000,12/29/2021,1750.0,WD(WARRANTY DEED),0.34,False,AR
16-16904-000,10/24/2020,750.0,WD(WARRANTY DEED),0.34,False,AR
16-16904-000,11/17/1981,0.0,EXD(EXECUTOR-EXECUTRIX DEED),0.34,False,AR
16-16904-000,10/7/1971,7000.0,WD(WARRANTY DEED),0.34,False,AR
16-16905-000,8/20/2020,1000.0,SWD(SPECIAL WARRANTY DEED),0.32,False,AR
16-16905-000,8/12/2020,0.0,RD(REDEMPTION DEED),0.32,False,AR
16-16905-000,7/29/2020,0.0,QCD(QUITCLAIM DEED),0.32,False,AR
16-16905-000,9/24/2002,0.0,QCD(QUITCLAIM DEED),0.32,False,AR
16-16905-000,1/3/1986,6000.0,WD(WARRANTY DEED),0.32,False,AR
16-16906-000,4/26/2022,31000.0,SWD(SPECIAL WARRANTY DEED),0.35,False,AR
16-16906-000,3/8/2022,0.0,QCD(QUITCLAIM DEED),0.35,False,AR
16-16906-000,3/14/1995,1000.0,WD(WARRANTY DEED),0.35,False,AR
16-16906-000,3/14/1995,1000.0,CWD(CORPORATION WARRANTY DEED),0.35,False,AR
16-16906-000,4/7/1992,1000.0,WD(WARRANTY DEED),0.35,False,AR
16-16906-000,11/9/1983,7000.0,WD(WARRANTY DEED),0.35,False,AR
16-16907-000,7/27/2022,0.0,QCD(QUITCLAIM DEED),0.31,False,AR
16-16907-000,7/20/2022,20000.0,WD(WARRANTY DEED),0.31,False,AR
16-16907-000,7/7/2022,10.0,QCD(QUITCLAIM DEED),0.31,False,AR
16-16907-000,4/9/2021,0.0,LWD(LIMITED WARRANTY DEED),0.31,False,AR
16-16907-000,8/28/2009,1451000.0,QCD(QUITCLAIM DEED),0.31,False,AR
16-16907-000,8/21/2009,402000.0,DEED(GRANT DEED),0.31,False,AR
16-16907-000,9/15/2008,0.0,DEED(GRANT DEED),0.31,False,AR
16-16907-000,9/6/2005,4000.0,WD(WARRANTY DEED),0.31,False,AR
16-16907-000,7/25/2003,0.0,QCD(QUITCLAIM DEED),0.31,False,AR
16-16907-000,10/13/2001,0.0,QCD(QUITCLAIM DEED),0.31,False,AR
16-16907-000,4/19/1984,6000.0,WD(WARRANTY DEED),0.31,False,AR
16-16908-000,3/23/2021,0.0,LWD(LIMITED WARRANTY DEED),0.27,False,AR
16-16908-000,12/11/2013,1000.0,WD(WARRANTY DEED),0.27,False,AR
16-16908-000,4/11/2002,0.0,QCD(QUITCLAIM DEED),0.27,False,AR
16-16908-000,4/8/2002,0.0,MEMO(MEMORANDUM),0.27,False,AR
16-16908-000,4/9/1999,1000.0,WD(WARRANTY DEED),0.27,False,AR
16-16908-000,12/13/1991,1000.0,WD(WARRANTY DEED),0.27,False,AR
16-16908-000,12/16/1983,5000.0,WD(WARRANTY DEED),0.27,False,AR
16-16909-000,5/1/2020,0.0,QCD(QUITCLAIM DEED),0.3,False,AR
16-16909-000,2/16/2018,1000.0,SWD(SPECIAL WARRANTY DEED),0.3,False,AR
16-16909-000,6/18/2014,0.0,COMMD(COMMISSIONERS DEED),0.3,False,AR
16-16909-000,8/22/2013,0.0,RD(REDEMPTION DEED),0.3,False,AR
16-16909-000,8/20/2009,0.0,QCD(QUITCLAIM DEED),0.3,False,AR
16-16909-000,11/24/2008,0.0,WD(WARRANTY DEED),0.3,False,AR
16-16909-000,8/31/2005,3000.0,WD(WARRANTY DEED),0.3,False,AR
16-16909-000,2/22/1984,5000.0,WD(WARRANTY DEED),0.3,False,AR
16-16910-000,5/27/2025,22000.0,WD(WARRANTY DEED),0.34,False,OK
16-16910-000,10/15/2010,0.0,WD(WARRANTY DEED),0.34,False,OK
16-16910-000,8/11/2010,0.0,DEED(GRANT DEED),0.34,False,OK
16-16910-000,1/19/2010,0.0,QCD(QUITCLAIM DEED),0.34,False,OK
16-16910-000,11/24/2008,0.0,WD(WARRANTY DEED),0.34,False,OK
16-16910-000,1/20/2005,1000.0,WD(WARRANTY DEED),0.34,False,OK
16-16910-000,11/17/1982,9000.0,WD(WARRANTY DEED),0.34,False,OK
16-16911-000,12/15/1998,0.0,WD(WARRANTY DEED),0.22,False,AR
16-16911-000,5/12/1988,1000.0,WD(WARRANTY DEED),0.22,False,AR
16-16911-000,3/7/1979,5000.0,WD(WARRANTY DEED),0.22,False,AR
16-16912-000,9/9/2003,0.0,ADMN(ADMINISTRATORS DEED),0.23,False,IN
16-16912-000,3/31/1983,6000.0,WD(WARRANTY DEED),0.23,False,IN
16-16913-000,6/24/2022,8000.0,WD(WARRANTY DEED),0.26,False,TX
16-16913-000,4/5/2012,7000.0,SWD(SPECIAL WARRANTY DEED),0.26,False,TX
16-16913-000,3/30/2012,0.0,WD(WARRANTY DEED),0.26,False,TX
16-16913-000,7/17/2009,2000.0,COMMD(COMMISSIONERS DEED),0.26,False,TX
16-16913-000,6/17/2009,0.0,RD(REDEMPTION DEED),0.26,False,TX
16-16913-000,5/2/1996,1000.0,WD(WARRANTY DEED),0.26,False,TX
16-16913-000,10/21/1992,0.0,WD(WARRANTY DEED),0.26,False,TX
16-16913-000,2/17/1984,0.0,WD(WARRANTY DEED),0.26,False,TX
16-16914-000,12/13/2021,7000.0,SWD(SPECIAL WARRANTY DEED),0.26,False,TX
16-16914-000,11/2/2020,0.0,QCD(QUITCLAIM DEED),0.26,False,TX
16-16914-000,8/23/2002,0.0,DC(DEATH CERTIFICATE),0.26,False,TX
16-16914-000,2/2/1999,8000.0,WD(WARRANTY DEED),0.26,False,TX
16-16914-000,8/11/1988,0.0,CONT(CONTRACT),0.26,False,TX
16-16915-000,2/22/2017,0.0,WD(WARRANTY DEED),0.25,False,AR
16-16915-000,4/21/2015,0.0,RD(REDEMPTION DEED),0.25,False,AR
16-16915-000,1/16/2008,100000.0,WD(WARRANTY DEED),0.25,False,AR
16-16915-000,1/5/2006,6000.0,WD(WARRANTY DEED),0.25,False,AR
16-16915-000,11/20/2003,0.0,RD(REDEMPTION DEED),0.25,False,AR
16-16915-000,5/30/1989,6000.0,WD(WARRANTY DEED),0.25,False,AR
16-16915-000,8/11/1988,0.0,CONT(CONTRACT),0.25,False,AR
16-16916-000,"3,645",729.0,729,33.46,False,AR
16-16916-000,0,0.0,0,33.46,False,AR
16-16916-000,"3,645",729.0,729,33.46,False,AR
16-16916-000,,729.0,729,33.46,False,AR
16-16916-000,,0.06193,0.06193,33.46,False,AR
16-16916-000,,6.69,6.69,33.46,False,AR
16-16916-001,0,0.0,0,9.12,False,AR
16-16916-001,0,0.0,0,9.12,False,AR
16-16916-001,0,0.0,0,9.12,False,AR
16-16916-001,,0.0,0,9.12,False,AR
16-16916-001,,0.06193,0.06193,9.12,False,AR
16-21251-000,10/16/2022,0.0,DC(DEATH CERTIFICATE),0.36,True,AR
16-21251-000,9/6/2017,0.0,BD(BENEFICIARY DEED),0.36,True,AR
16-21251-000,9/11/1979,3000.0,WD(WARRANTY DEED),0.36,True,AR
16-21252-000,8/18/2023,305000.0,CWD(CORPORATION WARRANTY DEED),0.32,True,AR
16-21252-000,6/14/2022,12000.0,WD(WARRANTY DEED),0.32,True,AR
16-21252-000,5/25/2022,0.0,OR(ORDER),0.32,True,AR
16-21252-000,8/31/2021,1.0,EXD(EXECUTOR-EXECUTRIX DEED),0.32,True,AR
16-21252-000,6/11/2020,0.0,LTR(LETTER),0.32,True,AR
16-21252-000,6/2/2020,0.0,OTHER(OTHER DOCUMENT),0.32,True,AR
16-21252-000,1/23/2019,0.0,DC(DEATH CERTIFICATE),0.32,True,AR
16-21252-000,9/27/2002,0.0,RD(REDEMPTION DEED),0.32,True,AR
16-21252-000,11/8/1995,1000.0,WD(WARRANTY DEED),0.32,True,AR
16-21253-000,8/30/2019,7000.0,CWD(CORPORATION WARRANTY DEED),0.25,False,AR
16-21253-000,12/30/2013,0.0,CWD(CORPORATION WARRANTY DEED),0.25,False,AR
16-21253-000,11/15/2012,0.0,DEED(GRANT DEED),0.25,False,AR
16-21253-000,11/15/2012,0.0,DEED(GRANT DEED),0.25,False,AR
16-21253-000,12/14/2007,0.0,AFF(AFFIDAVIT),0.25,False,AR
16-21253-000,7/7/2006,0.0,QCD(QUITCLAIM DEED),0.25,False,AR
16-21253-000,1/27/2006,7000.0,COMMD(COMMISSIONERS DEED),0.25,False,AR
16-21253-000,4/15/2004,3000.0,WD(WARRANTY DEED),0.25,False,AR
16-21253-000,7/7/1983,0.0,WD(WARRANTY DEED),0.25,False,AR
16-21254-000,2/20/2025,2250.0,QCD(QUITCLAIM DEED),0.25,False,AR
16-21254-000,6/27/2014,500.0,SWD(SPECIAL WARRANTY DEED),0.25,False,AR
16-21254-000,9/9/2013,1000.0,TRD(TRUSTEES DEED),0.25,False,AR
16-21254-000,1/21/2009,0.0,QCD(QUITCLAIM DEED),0.25,False,AR
16-21254-000,7/27/2007,0.0,AFF(AFFIDAVIT),0.25,False,AR
16-21254-000,7/27/2007,0.0,DC(DEATH CERTIFICATE),0.25,False,AR
16-21254-000,9/21/1983,0.0,WD(WARRANTY DEED),0.25,False,AR
16-21255-000,6/23/2008,171000.0,CORRWD(CORRECTED WARRANTY DEED),0.29,True,AR
16-21255-000,6/23/2008,171000.0,WD(WARRANTY DEED),0.29,True,AR
16-21255-000,3/21/2005,140000.0,WD(WARRANTY DEED),0.29,True,AR
16-21255-000,9/3/2004,0.0,RD(REDEMPTION DEED),0.29,True,AR
16-21255-000,8/2/2004,2000.0,WD(WARRANTY DEED),0.29,True,AR
16-21255-000,5/27/2004,0.0,QCD(QUITCLAIM DEED),0.29,True,AR
16-21255-000,4/28/2000,0.0,WD(WARRANTY DEED),0.29,True,AR
16-21255-000,10/18/1991,0.0,QCD(QUITCLAIM DEED),0.29,True,AR
16-21255-000,6/20/1985,1500.0,WD(WARRANTY DEED),0.29,True,AR
16-21255-000,11/9/1977,6000.0,WD(WARRANTY DEED),0.29,True,AR
16-21256-000,12/13/2021,0.0,BD(BENEFICIARY DEED),0.29,False,AR
16-21256-000,4/10/2020,3150.0,SWD(SPECIAL WARRANTY DEED),0.29,False,AR
16-21256-000,3/10/2020,0.0,QCD(QUITCLAIM DEED),0.29,False,AR
16-21256-000,1/27/2005,2000.0,WD(WARRANTY DEED),0.29,False,AR
16-21256-000,10/1/1998,0.0,CONT(CONTRACT),0.29,False,AR
16-21256-000,11/3/1987,8000.0,WD(WARRANTY DEED),0.29,False,AR
16-21256-000,9/14/1981,6000.0,WD(WARRANTY DEED),0.29,False,AR
16-21257-000,9/9/2021,6000.0,COMMD(COMMISSIONERS DEED),0.34,False,CA
16-21257-000,3/16/2021,0.0,RD(REDEMPTION DEED),0.34,False,CA
16-21257-000,11/4/2002,0.0,DC(DEATH CERTIFICATE),0.34,False,CA
16-21257-000,8/19/1983,7000.0,WD(WARRANTY DEED),0.34,False,CA
16-21257-000,8/1/1983,0.0,CONT(CONTRACT),0.34,False,CA
16-21258-000,2/6/2015,0.0,QCD(QUITCLAIM DEED),0.26,False,KS
16-21258-000,1/15/1987,3500.0,WD(WARRANTY DEED),0.26,False,KS
16-21259-000,9/15/2023,24500.0,WD(WARRANTY DEED),0.3,False,
16-21259-000,4/21/2022,0.0,RD(REDEMPTION DEED),0.3,False,
16-21259-000,6/23/2021,0.0,QCD(QUITCLAIM DEED),0.3,False,
16-21259-000,1/29/2018,1000.0,QCD(QUITCLAIM DEED),0.3,False,
16-21259-000,10/11/2017,0.0,LWD(LIMITED WARRANTY DEED),0.3,False,
16-21259-000,9/16/2009,0.0,QCD(QUITCLAIM DEED),0.3,False,
16-21259-000,9/16/2009,0.0,AFF(AFFIDAVIT),0.3,False,
16-21259-000,1/31/2006,12000.0,WD(WARRANTY DEED),0.3,False,
16-21259-000,12/13/2005,5000.0,WD(WARRANTY DEED),0.3,False,
16-21259-000,8/20/1984,6000.0,WD(WARRANTY DEED),0.3,False,
16-21260-000,9/15/2023,24500.0,WD(WARRANTY DEED),0.28,False,
16-21260-000,4/9/2021,0.0,LWD(LIMITED WARRANTY DEED),0.28,False,
16-21260-000,10/9/2014,0.0,QCD(QUITCLAIM DEED),0.28,False,
16-21260-000,3/18/2009,0.0,QCD(QUITCLAIM DEED),0.28,False,
16-21260-000,6/17/2008,20000.0,WD(WARRANTY DEED),0.28,False,
16-21260-000,4/27/2005,2000.0,WD(WARRANTY DEED),0.28,False,
16-21260-000,3/4/2004,1000.0,QCD(QUITCLAIM DEED),0.28,False,
16-21260-000,8/27/2002,1000.0,QCD(QUITCLAIM DEED),0.28,False,
16-21260-000,10/22/2001,1000.0,QCD(QUITCLAIM DEED),0.28,False,
16-21260-000,8/30/2001,0.0,QCD(QUITCLAIM DEED),0.28,False,
16-21260-000,9/15/1993,0.0,RD(REDEMPTION DEED),0.28,False,
16-21260-000,10/25/1983,6000.0,WD(WARRANTY DEED),0.28,False,
16-21261-000,10/20/2016,1000.0,SWD(SPECIAL WARRANTY DEED),0.28,False,KS
16-21261-000,12/23/2013,0.0,COMMD(COMMISSIONERS DEED),0.28,False,KS
16-21261-000,1/30/2013,0.0,RD(REDEMPTION DEED),0.28,False,KS
16-21261-000,8/18/2005,3000.0,WD(WARRANTY DEED),0.28,False,KS
16-21261-000,8/18/2005,0.0,MEMO(MEMORANDUM),0.28,False,KS
16-21261-000,4/29/1993,0.0,WD(WARRANTY DEED),0.28,False,KS
16-21261-000,7/10/1992,0.0,DC(DEATH CERTIFICATE),0.28,False,KS
16-21261-000,11/24/1986,1000.0,WD(WARRANTY DEED),0.28,False,KS
16-21261-000,11/5/1982,6000.0,WD(WARRANTY DEED),0.28,False,KS
16-21262-000,4/22/1986,0.0,WD(WARRANTY DEED),0.3,False,KS
16-21262-000,7/12/1985,0.0,WD(WARRANTY DEED),0.3,False,KS
16-21262-000,2/2/1983,0.0,WD(WARRANTY DEED),0.3,False,KS
16-21263-000,4/17/2008,15000.0,WD(WARRANTY DEED),0.31,False,NV
16-21263-000,3/2/2005,1000.0,WD(WARRANTY DEED),0.31,False,NV
16-21263-000,9/9/1983,0.0,WD(WARRANTY DEED),0.31,False,NV
16-21264-000,6/21/2019,310000.0,WD(WARRANTY DEED),0.3,False,AR
16-21264-000,3/14/2018,1000.0,SWD(SPECIAL WARRANTY DEED),0.3,False,AR
16-21264-000,2/9/2015,0.0,QCD(QUITCLAIM DEED),0.3,False,AR
16-21264-000,10/31/1997,7000.0,WD(WARRANTY DEED),0.3,False,AR
16-21264-000,9/29/1982,0.0,CONT(CONTRACT),0.3,False,AR
16-21265-000,6/21/2019,310000.0,WD(WARRANTY DEED),0.3,True,AR
16-21265-000,4/27/2018,4300.0,WD(WARRANTY DEED),0.3,True,AR
16-21265-000,7/17/1992,0.0,DC(DEATH CERTIFICATE),0.3,True,AR
16-21265-000,8/23/1990,0.0,ML(MARRIAGE LICENSE),0.3,True,AR
16-21265-000,5/14/1990,8000.0,WD(WARRANTY DEED),0.3,True,AR
16-21265-000,9/8/1989,10300.0,WD(WARRANTY DEED),0.3,True,AR
16-21265-000,9/12/1983,0.0,WD(WARRANTY DEED),0.3,True,AR
16-21266-000,1/5/2022,5000.0,QCD(QUITCLAIM DEED),0.3,False,AR
16-21266-000,2/6/1987,3000.0,WD(WARRANTY DEED),0.3,False,AR
16-21267-000,3/18/2022,0.0,WD(WARRANTY DEED),0.32,True,AR
16-21267-000,3/18/2022,0.0,QCD(QUITCLAIM DEED),0.32,True,AR
16-21267-000,1/12/2022,979.0,CONT(CONTRACT),0.32,True,AR
16-21267-000,4/8/2021,1000.0,QCD(QUITCLAIM DEED),0.32,True,AR
16-21267-000,12/7/2020,0.0,LWD(LIMITED WARRANTY DEED),0.32,True,AR
16-21267-000,8/28/2009,1451000.0,QCD(QUITCLAIM DEED),0.32,True,AR
16-21267-000,8/21/2009,402000.0,DEED(GRANT DEED),0.32,True,AR
16-21267-000,9/15/2008,0.0,DEED(GRANT DEED),0.32,True,AR
16-21267-000,1/5/2006,7000.0,WD(WARRANTY DEED),0.32,True,AR
16-21267-000,1/10/1984,0.0,WD(WARRANTY DEED),0.32,True,AR
16-21268-000,10/10/2013,0.0,WD(WARRANTY DEED),0.27,False,AR
16-21268-000,7/16/2003,1000.0,QCD(QUITCLAIM DEED),0.27,False,AR
16-21268-000,5/22/2000,1000.0,CORRWD(CORRECTED WARRANTY DEED),0.27,False,AR
16-21268-000,5/16/2000,0.0,WD(WARRANTY DEED),0.27,False,AR
16-21268-000,5/16/2000,0.0,WD(WARRANTY DEED),0.27,False,AR
16-21268-000,5/1/2000,0.0,WD(WARRANTY DEED),0.27,False,AR
16-21268-000,11/3/1988,8000.0,WD(WARRANTY DEED),0.27,False,AR
16-21268-000,5/18/1988,10000.0,WD(WARRANTY DEED),0.27,False,AR
16-21268-000,7/19/1976,6000.0,CWD(CORPORATION WARRANTY DEED),0.27,False,AR
16-21269-000,2/15/2023,1600.0,WD(WARRANTY DEED),0.29,False,UT
16-21269-000,10/19/2022,16002.0,WD(WARRANTY DEED),0.29,False,UT
16-21269-000,10/5/2011,0.0,QCD(QUITCLAIM DEED),0.29,False,UT
16-21269-000,10/5/2011,1693333.0,CORRQC(CORRECTED QUIT CLAIM DEED),0.29,False,UT
16-21269-000,11/24/2008,0.0,WD(WARRANTY DEED),0.29,False,UT
16-21269-000,12/19/2005,8000.0,WD(WARRANTY DEED),0.29,False,UT
16-21269-000,11/19/2004,0.0,QCD(QUITCLAIM DEED),0.29,False,UT
16-21269-000,5/4/1992,0.0,WD(WARRANTY DEED),0.29,False,UT
16-21270-000,6/19/2019,13000.0,WD(WARRANTY DEED),0.32,False,CO
16-21270-000,10/5/2011,0.0,QCD(QUITCLAIM DEED),0.32,False,CO
16-21270-000,10/5/2011,1693333.0,CORRQC(CORRECTED QUIT CLAIM DEED),0.32,False,CO
16-21270-000,11/24/2008,0.0,WD(WARRANTY DEED),0.32,False,CO
16-21270-000,9/6/2005,4000.0,WD(WARRANTY DEED),0.32,False,CO
16-21270-000,1/3/1999,0.0,DC(DEATH CERTIFICATE),0.32,False,CO
16-21270-000,4/2/1991,2000.0,WD(WARRANTY DEED),0.32,False,CO
16-21270-000,8/2/1990,2000.0,WD(WARRANTY DEED),0.32,False,CO
16-21270-000,8/26/1983,0.0,WD(WARRANTY DEED),0.32,False,CO
16-21271-000,8/30/2019,7000.0,CWD(CORPORATION WARRANTY DEED),0.33,False,AR
16-21271-000,12/30/2013,0.0,CWD(CORPORATION WARRANTY DEED),0.33,False,AR
16-21271-000,11/15/2012,0.0,DEED(GRANT DEED),0.33,False,AR
16-21271-000,11/15/2012,0.0,DEED(GRANT DEED),0.33,False,AR
16-21271-000,12/14/2007,0.0,AFF(AFFIDAVIT),0.33,False,AR
16-21271-000,7/7/2006,0.0,QCD(QUITCLAIM DEED),0.33,False,AR
16-21271-000,1/27/2006,10000.0,COMMD(COMMISSIONERS DEED),0.33,False,AR
16-21271-000,7/16/2004,3000.0,WD(WARRANTY DEED),0.33,False,AR
16-21271-000,6/7/2004,0.0,QCD(QUITCLAIM DEED),0.33,False,AR
16-21271-000,2/19/2003,1000.0,QCD(QUITCLAIM DEED),0.33,False,AR
16-21271-000,8/17/1992,1000.0,WD(WARRANTY DEED),0.33,False,AR
16-21271-000,8/17/1992,1000.0,WD(WARRANTY DEED),0.33,False,AR
16-21271-000,1/3/1987,0.0,DC(DEATH CERTIFICATE),0.33,False,AR
16-21271-000,2/2/1983,0.0,WD(WARRANTY DEED),0.33,False,AR
16-21272-000,9/26/2019,1000.0,WD(WARRANTY DEED),0.24,False,AR
16-21272-000,10/18/2006,1000.0,QCD(QUITCLAIM DEED),0.24,False,AR
16-21272-000,8/3/2001,0.0,QCD(QUITCLAIM DEED),0.24,False,AR
16-21272-000,5/17/2001,1000.0,WD(WARRANTY DEED),0.24,False,AR
16-21272-000,4/27/2001,1000.0,WD(WARRANTY DEED),0.24,False,AR
16-21272-000,1/29/1982,6000.0,WD(WARRANTY DEED),0.24,False,AR
16-21273-000,11/19/2019,0.0,BD(BENEFICIARY DEED),0.37,True,AR
16-21273-000,8/26/2019,0.0,WD(WARRANTY DEED),0.37,True,AR
16-21273-000,12/14/2018,0.0,AFF(AFFIDAVIT),0.37,True,AR
16-21273-000,10/29/2018,0.0,CERT(CERTIFICATE),0.37,True,AR
16-21273-000,10/27/2018,0.0,OTHER(OTHER DOCUMENT),0.37,True,AR
16-21273-000,2/15/2016,0.0,DC(DEATH CERTIFICATE),0.37,True,AR
16-21273-000,9/10/2014,0.0,CERT(CERTIFICATE),0.37,True,AR
16-21273-000,9/10/2014,0.0,BD(BENEFICIARY DEED),0.37,True,AR
16-21273-000,5/22/2012,150000.0,WD(WARRANTY DEED),0.37,True,AR
16-21273-000,8/7/2007,148000.0,WD(WARRANTY DEED),0.37,True,AR
16-21273-000,11/10/2005,8000.0,WD(WARRANTY DEED),0.37,True,AR
16-21273-000,6/28/1983,7000.0,WD(WARRANTY DEED),0.37,True,AR
16-21274-000,9/27/2018,0.0,QCD(QUITCLAIM DEED),0.23,False,OH
16-21274-000,4/24/1990,0.0,CONT(CONTRACT),0.23,False,OH
16-21274-000,6/13/1988,6000.0,WD(WARRANTY DEED),0.23,False,OH
16-21274-000,9/12/1983,6000.0,WD(WARRANTY DEED),0.23,False,OH
16-21275-000,4/1/2025,290000.0,WD(WARRANTY DEED),0.39,True,CA
16-21275-000,2/25/2025,210000.0,WD(WARRANTY DEED),0.39,True,CA
16-21275-000,11/1/2006,130000.0,WD(WARRANTY DEED),0.39,True,CA
16-21275-000,9/19/2005,5000.0,WD(WARRANTY DEED),0.39,True,CA
16-21275-000,9/19/2005,0.0,WD(WARRANTY DEED),0.39,True,CA
16-21275-000,12/11/1995,1000.0,WD(WARRANTY DEED),0.39,True,CA
16-21275-000,6/28/1995,0.0,WD(WARRANTY DEED),0.39,True,CA
16-21275-000,3/1/1993,1000.0,WD(WARRANTY DEED),0.39,True,CA
16-21275-000,3/20/1985,4000.0,WD(WARRANTY DEED),0.39,True,CA
16-21276-000,7/17/2024,13000.0,WD(WARRANTY DEED),0.46,False,TX
16-21276-000,5/24/2022,0.0,OR(ORDER),0.46,False,TX
16-21276-000,11/16/2020,0.0,LWD(LIMITED WARRANTY DEED),0.46,False,TX
16-21276-000,6/20/2013,0.0,OR(ORDER),0.46,False,TX
16-21276-000,5/6/2013,0.0,DC(DEATH CERTIFICATE),0.46,False,TX
16-21276-000,5/6/2013,0.0,DC(DEATH CERTIFICATE),0.46,False,TX
16-21276-000,10/2/2007,0.0,LWD(LIMITED WARRANTY DEED),0.46,False,TX
16-21276-000,8/18/2003,1000.0,WD(WARRANTY DEED),0.46,False,TX
16-21276-000,6/4/2003,0.0,LWD(LIMITED WARRANTY DEED),0.46,False,TX
16-21276-000,9/19/2000,0.0,COMMD(COMMISSIONERS DEED),0.46,False,TX
16-21276-000,9/19/2000,0.0,COMMD(COMMISSIONERS DEED),0.46,False,TX
16-21276-000,12/21/1993,1000.0,WD(WARRANTY DEED),0.46,False,TX
16-21276-000,9/14/1983,6000.0,WD(WARRANTY DEED),0.46,False,TX
16-21277-000,10/30/1990,5500.0,WD(WARRANTY DEED),0.27,False,IA
16-21277-000,5/7/1979,0.0,HIST(HISTORICAL),0.27,False,IA
16-21278-000,8/11/1997,1000.0,WD(WARRANTY DEED),0.25,False,AR
16-21278-000,10/22/1993,1000.0,WD(WARRANTY DEED),0.25,False,AR
16-21278-000,9/30/1993,510.0,COMMD(COMMISSIONERS DEED),0.25,False,AR
16-21278-000,9/20/1993,0.0,RD(REDEMPTION DEED),0.25,False,AR
16-21278-000,1/10/1984,0.0,WD(WARRANTY DEED),0.25,False,AR
16-21279-000,9/30/2022,7000.0,COMMD(COMMISSIONERS DEED),0.29,False,AR
16-21279-000,11/17/1982,6000.0,WD(WARRANTY DEED),0.29,False,AR
16-21280-000,4/13/2022,10000.0,WD(WARRANTY DEED),0.32,False,AR
16-21280-000,4/5/2022,0.0,QCD(QUITCLAIM DEED),0.32,False,AR
16-21280-000,3/18/2021,2000.0,QCD(QUITCLAIM DEED),0.32,False,AR
16-21280-000,12/11/2020,0.0,LWD(LIMITED WARRANTY DEED),0.32,False,AR
16-21280-000,8/28/2009,1451000.0,QCD(QUITCLAIM DEED),0.32,False,AR
16-21280-000,8/21/2009,402000.0,DEED(GRANT DEED),0.32,False,AR
16-21280-000,9/15/2008,0.0,DEED(GRANT DEED),0.32,False,AR
16-21280-000,8/22/2007,4000.0,WD(WARRANTY DEED),0.32,False,AR
16-21280-000,6/30/1994,0.0,RD(REDEMPTION DEED),0.32,False,AR
16-21280-000,6/13/1993,1000.0,WD(WARRANTY DEED),0.32,False,AR
16-21280-000,6/11/1993,1000.0,WD(WARRANTY DEED),0.32,False,AR
16-21280-000,2/8/1984,0.0,WD(WARRANTY DEED),0.32,False,AR
16-21281-000,11/15/1983,6000.0,WD(WARRANTY DEED),0.28,False,OK
16-21282-000,4/13/2022,10000.0,WD(WARRANTY DEED),0.29,False,AR
16-21282-000,4/5/2022,0.0,QCD(QUITCLAIM DEED),0.29,False,AR
16-21282-000,3/11/2021,1000.0,QCD(QUITCLAIM DEED),0.29,False,AR
16-21282-000,12/11/2020,0.0,LWD(LIMITED WARRANTY DEED),0.29,False,AR
16-21282-000,8/28/2009,1451000.0,QCD(QUITCLAIM DEED),0.29,False,AR
16-21282-000,8/21/2009,402000.0,DEED(GRANT DEED),0.29,False,AR
16-21282-000,11/24/2008,0.0,DEED(GRANT DEED),0.29,False,AR
16-21282-000,2/2/2006,7000.0,WD(WARRANTY DEED),0.29,False,AR
16-21282-000,7/15/1996,6000.0,WD(WARRANTY DEED),0.29,False,AR
16-21282-000,5/30/1995,0.0,RD(REDEMPTION DEED),0.29,False,AR
16-21282-000,4/20/1984,0.0,CONT(CONTRACT),0.29,False,AR
16-21283-000,2/22/2024,17000.0,WD(WARRANTY DEED),0.26,False,OK
16-21283-000,2/21/2024,12000.0,WD(WARRANTY DEED),0.26,False,OK
16-21283-000,2/20/2024,30000.0,WD(WARRANTY DEED),0.26,False,OK
16-21283-000,2/20/2024,0.0,QCD(QUITCLAIM DEED),0.26,False,OK
16-21283-000,4/8/2021,0.0,LWD(LIMITED WARRANTY DEED),0.26,False,OK
16-21283-000,8/28/2009,1451000.0,QCD(QUITCLAIM DEED),0.26,False,OK
16-21283-000,8/21/2009,402000.0,DEED(GRANT DEED),0.26,False,OK
16-21283-000,9/15/2008,0.0,DEED(GRANT DEED),0.26,False,OK
16-21283-000,10/27/2005,100000.0,WD(WARRANTY DEED),0.26,False,OK
16-21283-000,7/1/2005,3000.0,WD(WARRANTY DEED),0.26,False,OK
16-21283-000,12/12/2002,5000.0,WD(WARRANTY DEED),0.26,False,OK
16-21283-000,5/21/1988,0.0,CONT(CONTRACT),0.26,False,OK
16-21283-000,7/25/1985,0.0,CONT(CONTRACT),0.26,False,OK
16-21283-000,4/20/1985,0.0,CONT(CONTRACT),0.26,False,OK
16-21283-000,6/29/1984,0.0,CONT(CONTRACT),0.26,False,OK
16-21283-000,4/23/1984,0.0,CONT(CONTRACT),0.26,False,OK
16-21284-000,12/3/2009,0.0,QCD(QUITCLAIM DEED),0.27,False,KS
16-21284-000,6/24/1985,0.0,WD(WARRANTY DEED),0.27,False,KS
16-21284-000,3/24/1983,6000.0,WD(WARRANTY DEED),0.27,False,KS
16-21285-000,6/22/2007,12000.0,WD(WARRANTY DEED),0.26,False,NY
16-21285-000,9/6/2005,4000.0,WD(WARRANTY DEED),0.26,False,NY
16-21285-000,12/1/1988,0.0,RD(REDEMPTION DEED),0.26,False,NY
16-21285-000,6/14/1986,2000.0,WD(WARRANTY DEED),0.26,False,NY
16-21285-000,4/30/1986,0.0,CONT(CONTRACT),0.26,False,NY
16-21285-000,10/13/1984,0.0,CONT(CONTRACT),0.26,False,NY
16-21285-000,6/14/1984,0.0,CONT(CONTRACT),0.26,False,NY
16-21285-000,5/4/1984,6000.0,WD(WARRANTY DEED),0.26,False,NY
16-21286-000,3/18/2022,7000.0,WD(WARRANTY DEED),0.29,False,AR
16-21286-000,3/4/2022,0.0,QCD(QUITCLAIM DEED),0.29,False,AR
16-21286-000,3/1/2022,0.0,CORRWD(CORRECTED WARRANTY DEED),0.29,False,AR
16-21286-000,10/29/1998,1000.0,QCD(QUITCLAIM DEED),0.29,False,AR
16-21286-000,6/25/1993,1000.0,WD(WARRANTY DEED),0.29,False,AR
16-21286-000,4/16/1984,0.0,DC(DEATH CERTIFICATE),0.29,False,AR
16-21286-000,9/12/1983,6000.0,WD(WARRANTY DEED),0.29,False,AR
16-21287-000,11/22/2024,13000.0,WD(WARRANTY DEED),0.29,False,AR
16-21287-000,12/19/1991,1000.0,WD(WARRANTY DEED),0.29,False,AR
16-21287-000,9/12/1983,6000.0,WD(WARRANTY DEED),0.29,False,AR
16-21288-000,7/28/2023,0.0,LWD(LIMITED WARRANTY DEED),0.29,False,AR
16-21288-000,6/20/2014,0.0,LWD(LIMITED WARRANTY DEED),0.29,False,AR
16-21288-000,2/28/2006,0.0,COMMD(COMMISSIONERS DEED),0.29,False,AR
16-21288-000,4/1/2004,4000.0,WD(WARRANTY DEED),0.29,False,AR
16-21288-000,11/30/1993,1000.0,CWD(CORPORATION WARRANTY DEED),0.29,False,AR
16-21288-000,11/30/1993,1000.0,WD(WARRANTY DEED),0.29,False,AR
16-21288-000,1/28/1985,7000.0,WD(WARRANTY DEED),0.29,False,AR
16-21289-000,8/28/2024,7000.0,WD(WARRANTY DEED),0.29,False,AR
16-21289-000,8/27/2024,0.0,QCD(QUITCLAIM DEED),0.29,False,AR
16-21289-000,11/10/2005,6000.0,WD(WARRANTY DEED),0.29,False,AR
16-21289-000,3/28/1995,1000.0,WD(WARRANTY DEED),0.29,False,AR
16-21289-000,9/4/1980,0.0,WD(WARRANTY DEED),0.29,False,AR
16-21290-000,7/17/2019,2000.0,SWD(SPECIAL WARRANTY DEED),0.29,False,
16-21290-000,8/28/2014,0.0,COMMD(COMMISSIONERS DEED),0.29,False,
16-21290-000,11/20/2013,0.0,RD(REDEMPTION DEED),0.29,False,
16-21290-000,8/15/2005,4000.0,WD(WARRANTY DEED),0.29,False,
16-21290-000,9/16/1983,6000.0,WD(WARRANTY DEED),0.29,False,
16-21291-000,3/12/2012,1000.0,SWD(SPECIAL WARRANTY DEED),0.26,False,AR
16-21291-000,9/18/2009,0.0,COMMD(COMMISSIONERS DEED),0.26,False,AR
16-21291-000,7/19/2000,1000.0,WD(WARRANTY DEED),0.26,False,AR
16-21291-000,2/16/2000,1000.0,WD(WARRANTY DEED),0.26,False,AR
16-21291-000,2/16/2000,0.0,WD(WARRANTY DEED),0.26,False,AR
16-21291-000,1/23/2000,0.0,SWD(SPECIAL WARRANTY DEED),0.26,False,AR
16-21291-000,7/5/1996,0.0,HIST(HISTORICAL),0.26,False,AR
16-21291-000,8/3/1983,6000.0,WD(WARRANTY DEED),0.26,False,AR
16-21292-000,1/15/2020,2000.0,TRWD(TRUSTEES WARRANTY DEED),0.3,False,AR
16-21292-000,1/15/2020,0.0,CERT(CERTIFICATE),0.3,False,AR
16-21292-000,9/27/2011,0.0,QCD(QUITCLAIM DEED),0.3,False,AR
16-21292-000,10/20/2006,0.0,QCD(QUITCLAIM DEED),0.3,False,AR
16-21292-000,4/19/1984,5000.0,WD(WARRANTY DEED),0.3,False,AR
16-21293-000,1/7/2022,12000.0,WD(WARRANTY DEED),0.33,False,AR
16-21293-000,1/4/2022,1000.0,QCD(QUITCLAIM DEED),0.33,False,AR
16-21293-000,12/4/2020,0.0,LWD(LIMITED WARRANTY DEED),0.33,False,AR
16-21293-000,8/28/2009,1451000.0,QCD(QUITCLAIM DEED),0.33,False,AR
16-21293-000,8/21/2009,402000.0,DEED(GRANT DEED),0.33,False,AR
16-21293-000,4/6/2009,0.0,QCD(QUITCLAIM DEED),0.33,False,AR
16-21293-000,11/24/2008,0.0,WD(WARRANTY DEED),0.33,False,AR
16-21293-000,10/27/2005,100000.0,WD(WARRANTY DEED),0.33,False,AR
16-21293-000,7/28/2005,2000.0,WD(WARRANTY DEED),0.33,False,AR
16-21293-000,7/14/1995,1000.0,WD(WARRANTY DEED),0.33,False,AR
16-21293-000,7/14/1995,1000.0,CWD(CORPORATION WARRANTY DEED),0.33,False,AR
16-21293-000,4/29/1985,2000.0,WD(WARRANTY DEED),0.33,False,AR
16-21294-000,2/20/2024,10000.0,WD(WARRANTY DEED),0.33,False,AR
16-21294-000,1/23/2024,2905.0,WD(WARRANTY DEED),0.33,False,AR
16-21294-000,6/20/2013,0.0,QCD(QUITCLAIM DEED),0.33,False,AR
16-21294-000,5/7/2001,1000.0,WD(WARRANTY DEED),0.33,False,AR
16-21294-000,2/6/1995,0.0,RD(REDEMPTION DEED),0.33,False,AR
16-21294-000,1/9/1995,1000.0,COMMD(COMMISSIONERS DEED),0.33,False,AR
16-21294-000,2/2/1984,5000.0,WD(WARRANTY DEED),0.33,False,AR
16-21295-000,7/2/2009,264000.0,WD(WARRANTY DEED),0.35,True,AR
16-21295-000,8/27/2008,0.0,COMMD(COMMISSIONERS DEED),0.35,True,AR
16-21295-000,3/2/2004,2000.0,WD(WARRANTY DEED),0.35,True,AR
16-21295-000,10/15/1999,0.0,DC(DEATH CERTIFICATE),0.35,True,AR
16-21295-000,7/25/1983,5000.0,WD(WARRANTY DEED),0.35,True,AR
16-21296-000,5/18/2023,0.0,QCD(QUITCLAIM DEED),0.31,False,IL
16-21296-000,11/11/1989,0.0,DC(DEATH CERTIFICATE),0.31,False,IL
16-21296-000,10/1/1987,0.0,DC(DEATH CERTIFICATE),0.31,False,IL
16-21296-000,1/22/1986,0.0,WILL(WILL),0.31,False,IL
16-21296-000,1/22/1986,0.0,WILL(WILL),0.31,False,IL
16-21296-000,8/23/1982,4000.0,WD(WARRANTY DEED),0.31,False,IL
16-21297-000,2/5/2018,601.0,QCD(QUITCLAIM DEED),0.29,False,NV
16-21297-000,7/13/2017,0.0,LWD(LIMITED WARRANTY DEED),0.29,False,NV
16-21297-000,11/8/2005,9000.0,WD(WARRANTY DEED),0.29,False,NV
16-21297-000,9/3/1985,5000.0,WD(WARRANTY DEED),0.29,False,NV
16-21297-000,8/28/1985,1000.0,WD(WARRANTY DEED),0.29,False,NV
16-21298-000,6/30/2021,2000.0,WD(WARRANTY DEED),0.24,False,AR
16-21298-000,4/21/2021,1000.0,QCD(QUITCLAIM DEED),0.24,False,AR
16-21298-000,8/15/2009,0.0,DC(DEATH CERTIFICATE),0.24,False,AR
16-21298-000,1/24/1994,0.0,WD(WARRANTY DEED),0.24,False,AR
16-21298-000,6/3/1991,2000.0,WD(WARRANTY DEED),0.24,False,AR
16-21298-000,6/3/1991,0.0,QCD(QUITCLAIM DEED),0.24,False,AR
16-21298-000,1/27/1984,5000.0,WD(WARRANTY DEED),0.24,False,AR
16-21299-000,5/8/2024,8000.0,WD(WARRANTY DEED),0.29,False,KS
16-21299-000,4/23/2021,0.0,LWD(LIMITED WARRANTY DEED),0.29,False,KS
16-21299-000,12/3/1998,7000.0,WD(WARRANTY DEED),0.29,False,KS
16-21299-000,3/7/1984,0.0,CONT(CONTRACT),0.29,False,KS
16-21300-000,7/21/2021,0.0,WD(WARRANTY DEED),0.28,False,AR
16-21300-000,7/21/2021,0.0,CERT(CERTIFICATE),0.28,False,AR
16-21300-000,1/15/2012,0.0,WD(WARRANTY DEED),0.28,False,AR
16-21300-000,3/20/1997,0.0,WD(WARRANTY DEED),0.28,False,AR
16-21300-000,9/29/1995,1000.0,WD(WARRANTY DEED),0.28,False,AR
16-21300-000,9/29/1995,1000.0,CWD(CORPORATION WARRANTY DEED),0.28,False,AR
16-21300-000,9/10/1992,1000.0,WD(WARRANTY DEED),0.28,False,AR
16-21300-000,9/6/1983,6000.0,WD(WARRANTY DEED),0.28,False,AR
16-21301-000,4/12/2013,0.0,WD(WARRANTY DEED),0.29,False,AR
16-21301-000,6/9/2009,0.0,DC(DEATH CERTIFICATE),0.29,False,AR
16-21301-000,12/7/1998,0.0,RD(REDEMPTION DEED),0.29,False,AR
16-21301-000,8/10/1993,0.0,RD(REDEMPTION DEED),0.29,False,AR
16-21301-000,7/22/1993,800.0,COMMD(COMMISSIONERS DEED),0.29,False,AR
16-21301-000,5/21/1981,0.0,WD(WARRANTY DEED),0.29,False,AR
16-21302-000,5/15/2024,0.0,AFF(AFFIDAVIT),0.31,True,AR
16-21302-000,2/9/2024,375000.0,WD(WARRANTY DEED),0.31,True,AR
16-21302-000,9/3/2021,292000.0,WD(WARRANTY DEED),0.31,True,AR
16-21302-000,3/6/2019,215000.0,SWD(SPECIAL WARRANTY DEED),0.31,True,AR
16-21302-000,8/7/2018,176000.0,WD(WARRANTY DEED),0.31,True,AR
16-21302-000,1/3/2013,167000.0,CWD(CORPORATION WARRANTY DEED),0.31,True,AR
16-21302-000,4/6/2012,6000.0,CWD(CORPORATION WARRANTY DEED),0.31,True,AR
16-21302-000,1/9/2012,5000.0,WD(WARRANTY DEED),0.31,True,AR
16-21302-000,6/11/2001,1000.0,WD(WARRANTY DEED),0.31,True,AR
16-21302-000,4/24/2000,0.0,WD(WARRANTY DEED),0.31,True,AR
16-21302-000,3/2/1984,0.0,SWD(SPECIAL WARRANTY DEED),0.31,True,AR
16-21302-000,3/9/1982,6000.0,WD(WARRANTY DEED),0.31,True,AR
16-21303-000,6/11/2024,365000.0,WD(WARRANTY DEED),0.31,True,AR
16-21303-000,1/22/2024,0.0,WD(WARRANTY DEED),0.31,True,AR
16-21303-000,8/14/2023,0.0,WD(WARRANTY DEED),0.31,True,AR
16-21303-000,7/15/2021,0.0,RD(REDEMPTION DEED),0.31,True,AR
16-21303-000,7/7/2021,10000.0,WD(WARRANTY DEED),0.31,True,AR
16-21303-000,6/2/2021,1000.0,QCD(QUITCLAIM DEED),0.31,True,AR
16-21303-000,4/7/2021,0.0,QCD(QUITCLAIM DEED),0.31,True,AR
16-21303-000,4/7/2021,0.0,QCD(QUITCLAIM DEED),0.31,True,AR
16-21303-000,3/17/2021,0.0,QCD(QUITCLAIM DEED),0.31,True,AR
16-21303-000,7/14/2006,0.0,CORRWD(CORRECTED WARRANTY DEED),0.31,True,AR
16-21303-000,3/27/2006,17000.0,WD(WARRANTY DEED),0.31,True,AR
16-21303-000,9/29/1999,0.0,RD(REDEMPTION DEED),0.31,True,AR
16-21303-000,10/11/1995,0.0,WD(WARRANTY DEED),0.31,True,AR
16-21303-000,8/10/1994,0.0,RD(REDEMPTION DEED),0.31,True,AR
16-21303-000,7/8/1994,1000.0,COMMD(COMMISSIONERS DEED),0.31,True,AR
16-21303-000,1/19/1984,6000.0,WD(WARRANTY DEED),0.31,True,AR
16-21304-000,8/15/2013,0.0,WD(WARRANTY DEED),0.36,False,CA
16-21304-000,6/9/2011,7000.0,WD(WARRANTY DEED),0.36,False,CA
16-21304-000,6/30/2010,0.0,CWD(CORPORATION WARRANTY DEED),0.36,False,CA
16-21304-000,9/16/2004,0.0,WD(WARRANTY DEED),0.36,False,CA
16-21304-000,11/18/1983,6000.0,WD(WARRANTY DEED),0.36,False,CA
16-21305-000,9/21/2020,0.0,BD(BENEFICIARY DEED),0.43,False,AR
16-21305-000,3/27/2009,1000.0,QCD(QUITCLAIM DEED),0.43,False,AR
16-21305-000,8/2/2004,1000.0,WD(WARRANTY DEED),0.43,False,AR
16-21305-000,4/13/2004,5000.0,QCD(QUITCLAIM DEED),0.43,False,AR
16-21305-000,4/14/2003,0.0,WD(WARRANTY DEED),0.43,False,AR
16-21305-000,4/22/1981,6000.0,WD(WARRANTY DEED),0.43,False,AR
16-21306-000,4/19/2023,460000.0,WD(WARRANTY DEED),0.41,True,AR
16-21306-000,2/28/2020,295000.0,WD(WARRANTY DEED),0.41,True,AR
16-21306-000,1/17/2018,1000.0,SWD(SPECIAL WARRANTY DEED),0.41,True,AR
16-21306-000,7/21/2014,0.0,COMMD(COMMISSIONERS DEED),0.41,True,AR
16-21306-000,4/18/2013,0.0,RD(REDEMPTION DEED),0.41,True,AR
16-21306-000,6/29/1983,0.0,WD(WARRANTY DEED),0.41,True,AR
16-21307-000,11/21/2019,0.0,DEC(DECREE),0.3,False,AR
16-21307-000,5/9/2019,850.0,SWD(SPECIAL WARRANTY DEED),0.3,False,AR
16-21307-000,11/27/2018,0.0,LWD(LIMITED WARRANTY DEED),0.3,False,AR
16-21307-000,1/28/2008,8000.0,WD(WARRANTY DEED),0.3,False,AR
16-21307-000,10/12/2007,0.0,COMMD(COMMISSIONERS DEED),0.3,False,AR
16-21307-000,6/20/2005,1000.0,WD(WARRANTY DEED),0.3,False,AR
16-21307-000,11/28/1995,1000.0,CWD(CORPORATION WARRANTY DEED),0.3,False,AR
16-21307-000,2/3/1994,1000.0,WD(WARRANTY DEED),0.3,False,AR
16-21307-000,10/13/1993,1000.0,WD(WARRANTY DEED),0.3,False,AR
16-21307-000,10/26/1984,0.0,CONT(CONTRACT),0.3,False,AR
16-21307-000,10/3/1984,8000.0,WD(WARRANTY DEED),0.3,False,AR
16-21307-000,8/30/1984,0.0,CONT(CONTRACT),0.3,False,AR
16-21308-000,3/26/1990,2000.0,WD(WARRANTY DEED),0.29,False,MO
16-21308-000,10/28/1980,0.0,QCD(QUITCLAIM DEED),0.29,False,MO
16-21309-000,11/18/1999,0.0,RD(REDEMPTION DEED),0.26,False,AR
16-21309-000,7/5/1994,1000.0,WD(WARRANTY DEED),0.26,False,AR
16-21309-000,7/5/1994,1000.0,WD(WARRANTY DEED),0.26,False,AR
16-21309-000,10/20/1983,6000.0,WD(WARRANTY DEED),0.26,False,AR
16-21310-000,8/26/2012,0.0,QCD(QUITCLAIM DEED),0.29,False,AR
16-21310-000,5/25/2006,0.0,QCD(QUITCLAIM DEED),0.29,False,AR
16-21310-000,6/10/2005,0.0,QCD(QUITCLAIM DEED),0.29,False,AR
16-21310-000,4/23/2003,0.0,WD(WARRANTY DEED),0.29,False,AR
16-21310-000,8/12/1996,1000.0,WD(WARRANTY DEED),0.29,False,AR
16-21310-000,11/2/1992,1000.0,WD(WARRANTY DEED),0.29,False,AR
16-21310-000,11/2/1992,1000.0,WD(WARRANTY DEED),0.29,False,AR
16-21310-000,1/5/1990,6000.0,WD(WARRANTY DEED),0.29,False,AR
16-21310-000,10/24/1989,0.0,COMMD(COMMISSIONERS DEED),0.29,False,AR
16-21310-000,9/1/1983,6000.0,WD(WARRANTY DEED),0.29,False,AR
16-21311-000,1/29/1986,0.0,WD(WARRANTY DEED),0.32,False,OK
16-21311-000,11/26/1985,0.0,HIST(HISTORICAL),0.32,False,OK
16-21312-000,5/23/2023,8000.0,WD(WARRANTY DEED),0.33,False,AR
16-21312-000,3/10/2021,3000.0,COMMD(COMMISSIONERS DEED),0.33,False,AR
16-21312-000,10/7/2020,0.0,RD(REDEMPTION DEED),0.33,False,AR
16-21312-000,8/28/2009,1451000.0,QCD(QUITCLAIM DEED),0.33,False,AR
16-21312-000,8/21/2009,402000.0,DEED(GRANT DEED),0.33,False,AR
16-21312-000,9/15/2008,0.0,DEED(GRANT DEED),0.33,False,AR
16-21312-000,1/25/2006,8000.0,WD(WARRANTY DEED),0.33,False,AR
16-21312-000,12/19/2005,0.0,QCD(QUITCLAIM DEED),0.33,False,AR
16-21312-000,6/8/2001,1000.0,QCD(QUITCLAIM DEED),0.33,False,AR
16-21312-000,6/7/1995,1000.0,WD(WARRANTY DEED),0.33,False,AR
16-21312-000,12/23/1993,1000.0,COMMD(COMMISSIONERS DEED),0.33,False,AR
16-21312-000,2/8/1984,5000.0,WD(WARRANTY DEED),0.33,False,AR
16-21313-000,2/10/2020,0.0,DEED(GRANT DEED),0.29,False,KS
16-21313-000,4/23/2009,0.0,DC(DEATH CERTIFICATE),0.29,False,KS
16-21313-000,4/21/1987,3500.0,WD(WARRANTY DEED),0.29,False,KS
16-21314-000,5/23/2024,6000.0,CWD(CORPORATION WARRANTY DEED),0.27,False,AR
16-21314-000,6/26/2007,4000.0,WD(WARRANTY DEED),0.27,False,AR
16-21314-000,11/29/2000,0.0,AFF(AFFIDAVIT),0.27,False,AR
16-21314-000,4/13/2000,1000.0,WD(WARRANTY DEED),0.27,False,AR
16-21314-000,3/24/2000,0.0,WD(WARRANTY DEED),0.27,False,AR
16-21314-000,1/5/2000,0.0,POA(POWER OF ATTORNEY),0.27,False,AR
16-21314-000,5/15/1992,1000.0,WD(WARRANTY DEED),0.27,False,AR
16-21314-000,5/12/1992,0.0,WD(WARRANTY DEED),0.27,False,AR
16-21314-000,5/12/1992,1000.0,WD(WARRANTY DEED),0.27,False,AR
16-21314-000,11/9/1983,6000.0,WD(WARRANTY DEED),0.27,False,AR
16-21315-000,12/27/2017,0.0,QCD(QUITCLAIM DEED),0.31,False,FL
16-21315-000,11/13/2012,15000.0,WD(WARRANTY DEED),0.31,False,FL
16-21315-000,10/5/2011,0.0,QCD(QUITCLAIM DEED),0.31,False,FL
16-21315-000,10/5/2011,1693333.0,CORRQC(CORRECTED QUIT CLAIM DEED),0.31,False,FL
16-21315-000,11/24/2008,0.0,WD(WARRANTY DEED),0.31,False,FL
16-21315-000,8/26/2005,2000.0,WD(WARRANTY DEED),0.31,False,FL
16-21315-000,10/4/1999,0.0,RD(REDEMPTION DEED),0.31,False,FL
16-21315-000,9/13/1999,1000.0,COMMD(COMMISSIONERS DEED),0.31,False,FL
16-21315-000,1/24/1997,0.0,CONT(CONTRACT),0.31,False,FL
16-21315-000,3/2/1990,0.0,CONT(CONTRACT),0.31,False,FL
16-21315-000,6/25/1985,0.0,CONT(CONTRACT),0.31,False,FL
16-21315-000,10/14/1984,0.0,DC(DEATH CERTIFICATE),0.31,False,FL
16-21316-000,4/16/2025,0.0,WD(WARRANTY DEED),0.28,False,AR
16-21316-000,10/17/2007,25000.0,WD(WARRANTY DEED),0.28,False,AR
16-21316-000,12/30/2005,8000.0,WD(WARRANTY DEED),0.28,False,AR
16-21316-000,3/18/1991,0.0,CONT(CONTRACT),0.28,False,AR
16-21316-000,1/12/1990,0.0,WD(WARRANTY DEED),0.28,False,AR
16-21316-000,11/7/1983,0.0,CONT(CONTRACT),0.28,False,AR
16-21316-000,1/21/1982,0.0,WD(WARRANTY DEED),0.28,False,AR
16-21317-000,8/24/2018,149000.0,WD(WARRANTY DEED),0.26,True,AR
16-21317-000,4/19/2017,0.0,CORRQC(CORRECTED QUIT CLAIM DEED),0.26,True,AR
16-21317-000,12/30/2015,0.0,QCD(QUITCLAIM DEED),0.26,True,AR
16-21317-000,11/10/2005,31000.0,WD(WARRANTY DEED),0.26,True,AR
16-21317-000,9/27/2005,50000.0,WD(WARRANTY DEED),0.26,True,AR
16-21317-000,12/9/2004,0.0,QCD(QUITCLAIM DEED),0.26,True,AR
16-21317-000,4/29/2004,0.0,AFF(AFFIDAVIT),0.26,True,AR
16-21317-000,4/29/2004,0.0,QCD(QUITCLAIM DEED),0.26,True,AR
16-21317-000,12/19/2003,1000.0,WD(WARRANTY DEED),0.26,True,AR
16-21317-000,12/2/1993,0.0,WD(WARRANTY DEED),0.26,True,AR
16-21317-000,10/20/1983,6000.0,WD(WARRANTY DEED),0.26,True,AR
16-21318-000,8/24/2018,149000.0,WD(WARRANTY DEED),0.29,False,AR
16-21318-000,4/19/2017,0.0,CORRQC(CORRECTED QUIT CLAIM DEED),0.29,False,AR
16-21318-000,12/30/2015,0.0,QCD(QUITCLAIM DEED),0.29,False,AR
16-21318-000,8/23/2005,0.0,WD(WARRANTY DEED),0.29,False,AR
16-21318-000,5/27/1983,0.0,WD(WARRANTY DEED),0.29,False,AR
16-21319-000,9/23/2024,16000.0,WD(WARRANTY DEED),0.25,False,TX
16-21319-000,2/26/2024,6000.0,CWD(CORPORATION WARRANTY DEED),0.25,False,TX
16-21319-000,12/10/2012,1000.0,WD(WARRANTY DEED),0.25,False,TX
16-21319-000,6/7/2012,38000.0,SWD(SPECIAL WARRANTY DEED),0.25,False,TX
16-21319-000,7/15/2011,0.0,COMMD(COMMISSIONERS DEED),0.25,False,TX
16-21319-000,6/2/2010,0.0,RD(REDEMPTION DEED),0.25,False,TX
16-21319-000,12/13/2004,6000.0,WD(WARRANTY DEED),0.25,False,TX
16-21319-000,3/9/2004,4000.0,WD(WARRANTY DEED),0.25,False,TX
16-21319-000,4/22/2003,0.0,DC(DEATH CERTIFICATE),0.25,False,TX
16-21319-000,3/22/1990,0.0,CONT(CONTRACT),0.25,False,TX
16-21319-000,10/12/1989,0.0,CONT(CONTRACT),0.25,False,TX
16-21319-000,11/25/1981,6000.0,WD(WARRANTY DEED),0.25,False,TX
16-21320-000,5/30/2019,165000.0,WD(WARRANTY DEED),0.29,True,AR
16-21320-000,3/20/2009,132000.0,WD(WARRANTY DEED),0.29,True,AR
16-21320-000,11/4/2002,2000.0,WD(WARRANTY DEED),0.29,True,AR
16-21320-000,4/5/1995,2000.0,WD(WARRANTY DEED),0.29,True,AR
16-21320-000,5/20/1994,0.0,CONT(CONTRACT),0.29,True,AR
16-21320-000,3/2/1990,0.0,CONT(CONTRACT),0.29,True,AR
16-21320-000,8/5/1903,7000.0,WD(WARRANTY DEED),0.29,True,AR
16-21321-000,5/14/2021,280000.0,WD(WARRANTY DEED),0.29,True,AR
16-21321-000,6/9/2020,6000.0,WD(WARRANTY DEED),0.29,True,AR
16-21321-000,2/8/2018,0.0,RD(REDEMPTION DEED),0.29,True,AR
16-21321-000,11/26/2012,0.0,QCD(QUITCLAIM DEED),0.29,True,AR
16-21321-000,10/9/2012,0.0,QCD(QUITCLAIM DEED),0.29,True,AR
16-21321-000,1/18/2012,0.0,WD(WARRANTY DEED),0.29,True,AR
16-21321-000,8/8/2006,13000.0,WD(WARRANTY DEED),0.29,True,AR
16-21321-000,2/22/2005,2000.0,WD(WARRANTY DEED),0.29,True,AR
16-21321-000,6/8/2004,2000.0,WD(WARRANTY DEED),0.29,True,AR
16-21321-000,9/9/1996,1000.0,WD(WARRANTY DEED),0.29,True,AR
16-21321-000,6/5/1996,1000.0,CWD(CORPORATION WARRANTY DEED),0.29,True,AR
16-21321-000,5/12/1995,0.0,WD(WARRANTY DEED),0.29,True,AR
16-21321-000,4/17/1984,0.0,WD(WARRANTY DEED),0.29,True,AR
16-21322-000,1/18/2000,0.0,RD(REDEMPTION DEED),0.23,False,
16-21322-000,4/12/1999,1000.0,WD(WARRANTY DEED),0.23,False,
16-21322-000,10/7/1998,1000.0,WD(WARRANTY DEED),0.23,False,
16-21322-000,5/20/1997,1000.0,WD(WARRANTY DEED),0.23,False,
16-21322-000,1/12/1996,1000.0,WD(WARRANTY DEED),0.23,False,
16-21322-000,11/27/1995,0.0,WD(WARRANTY DEED),0.23,False,
16-21322-000,9/7/1983,6000.0,WD(WARRANTY DEED),0.23,False,
16-21323-000,2/15/2017,1000.0,SWD(SPECIAL WARRANTY DEED),0.26,True,AR
16-21323-000,12/23/2013,0.0,COMMD(COMMISSIONERS DEED),0.26,True,AR
16-21323-000,2/6/2013,0.0,RD(REDEMPTION DEED),0.26,True,AR
16-21323-000,12/10/2010,2000.0,SWD(SPECIAL WARRANTY DEED),0.26,True,AR
16-21323-000,3/12/2010,1000.0,COMMD(COMMISSIONERS DEED),0.26,True,AR
16-21323-000,1/22/2010,0.0,RD(REDEMPTION DEED),0.26,True,AR
16-21323-000,2/8/1989,7350.0,WD(WARRANTY DEED),0.26,True,AR
16-21323-000,1/29/1986,0.0,CONT(CONTRACT),0.26,True,AR
16-21323-000,5/1/1979,0.0,HIST(HISTORICAL),0.26,True,AR
16-21324-000,12/5/2023,7000.0,COMMD(COMMISSIONERS DEED),0.24,False,AR
16-21324-000,10/2/2020,0.0,RD(REDEMPTION DEED),0.24,False,AR
16-21324-000,5/21/2007,0.0,RD(REDEMPTION DEED),0.24,False,AR
16-21324-000,8/1/1983,7000.0,WD(WARRANTY DEED),0.24,False,AR
16-21325-000,9/25/2007,138000.0,WD(WARRANTY DEED),0.26,True,AR
16-21325-000,3/27/2007,0.0,QCD(QUITCLAIM DEED),0.26,True,AR
16-21325-000,3/14/2007,13000.0,WD(WARRANTY DEED),0.26,True,AR
16-21325-000,5/12/2005,3000.0,WD(WARRANTY DEED),0.26,True,AR
16-21325-000,5/24/1991,8000.0,WD(WARRANTY DEED),0.26,True,AR
16-21325-000,11/10/1990,0.0,CONT(CONTRACT),0.26,True,AR
16-21325-000,10/22/1977,5000.0,WD(WARRANTY DEED),0.26,True,AR
16-21326-000,4/15/2010,0.0,RD(REDEMPTION DEED),0.24,False,AR
16-21326-000,6/3/1997,0.0,QCD(QUITCLAIM DEED),0.24,False,AR
16-21326-000,9/27/1996,0.0,QCD(QUITCLAIM DEED),0.24,False,AR
16-21326-000,9/7/1994,1000.0,WD(WARRANTY DEED),0.24,False,AR
16-21326-000,8/17/1994,0.0,WD(WARRANTY DEED),0.24,False,AR
16-21326-000,5/2/1994,5000.0,WD(WARRANTY DEED),0.24,False,AR
16-21326-000,5/2/1994,0.0,QCD(QUITCLAIM DEED),0.24,False,AR
16-21326-000,6/14/1989,0.0,QCD(QUITCLAIM DEED),0.24,False,AR
16-21326-000,1/25/1984,0.0,WD(WARRANTY DEED),0.24,False,AR
16-21327-000,11/10/1997,0.0,DC(DEATH CERTIFICATE),0.27,False,IA
16-21327-000,12/16/1986,0.0,WD(WARRANTY DEED),0.27,False,IA
16-21327-000,11/17/1982,8000.0,WD(WARRANTY DEED),0.27,False,IA
16-21328-000,12/2/2021,0.0,COMMD(COMMISSIONERS DEED),0.29,False,AR
16-21328-000,1/4/2006,6000.0,WD(WARRANTY DEED),0.29,False,AR
16-21328-000,7/31/1981,0.0,WD(WARRANTY DEED),0.29,False,AR
16-21329-000,1/30/2020,2000.0,WD(WARRANTY DEED),0.21,False,AR
16-21329-000,1/15/2019,0.0,QCD(QUITCLAIM DEED),0.21,False,AR
16-21329-000,4/26/2011,1000.0,QCD(QUITCLAIM DEED),0.21,False,AR
16-21329-000,4/9/2010,0.0,QCD(QUITCLAIM DEED),0.21,False,AR
16-21329-000,2/24/2009,0.0,FD(FIDUCIARY DEED),0.21,False,AR
16-21329-000,2/10/2004,0.0,DC(DEATH CERTIFICATE),0.21,False,AR
16-21329-000,12/4/1985,0.0,DC(DEATH CERTIFICATE),0.21,False,AR
16-21329-000,1/3/1983,0.0,WD(WARRANTY DEED),0.21,False,AR
16-21330-000,4/11/2024,0.0,WD(WARRANTY DEED),0.22,False,MN
16-21330-000,12/30/2009,0.0,RD(REDEMPTION DEED),0.22,False,MN
16-21330-000,3/26/1990,0.0,WD(WARRANTY DEED),0.22,False,MN
16-21330-000,6/8/1989,0.0,DC(DEATH CERTIFICATE),0.22,False,MN
16-21330-000,2/8/1984,6000.0,WD(WARRANTY DEED),0.22,False,MN
16-21331-000,2/13/2020,0.0,RD(REDEMPTION DEED),0.27,False,TX
16-21331-000,1/20/2017,0.0,RD(REDEMPTION DEED),0.27,False,TX
16-21331-000,2/15/2008,0.0,WD(WARRANTY DEED),0.27,False,TX
16-21331-000,2/18/2005,1000.0,WD(WARRANTY DEED),0.27,False,TX
16-21331-000,3/30/1984,0.0,WD(WARRANTY DEED),0.27,False,TX
16-21332-000,4/12/1989,1000.0,WD(WARRANTY DEED),0.26,False,AR
16-21332-000,6/28/1986,2000.0,WD(WARRANTY DEED),0.26,False,AR
16-21332-000,10/12/1976,6000.0,WD(WARRANTY DEED),0.26,False,AR
16-21333-000,6/10/2005,2000.0,WD(WARRANTY DEED),0.28,False,AR
16-21333-000,12/6/2004,0.0,WD(WARRANTY DEED),0.28,False,AR
16-21333-000,11/16/2004,0.0,WD(WARRANTY DEED),0.28,False,AR
16-21333-000,12/27/1983,5000.0,WD(WARRANTY DEED),0.28,False,AR
16-21334-000,10/1/2024,8000.0,WD(WARRANTY DEED),0.29,False,AR
16-21334-000,9/25/2024,6000.0,WD(WARRANTY DEED),0.29,False,AR
16-21334-000,1/1/2016,7500.0,SWD(SPECIAL WARRANTY DEED),0.29,False,AR
16-21334-000,6/15/2010,0.0,SWD(SPECIAL WARRANTY DEED),0.29,False,AR
16-21334-000,2/6/2006,7000.0,WD(WARRANTY DEED),0.29,False,AR
16-21334-000,2/6/2006,0.0,QCD(QUITCLAIM DEED),0.29,False,AR
16-21334-000,12/22/1992,0.0,OR(ORDER),0.29,False,AR
16-21334-000,7/14/1982,5000.0,WD(WARRANTY DEED),0.29,False,AR
16-21335-000,11/24/2021,0.0,QCD(QUITCLAIM DEED),0.33,False,AR
16-21335-000,10/7/1997,1000.0,WD(WARRANTY DEED),0.33,False,AR
16-21335-000,10/7/1997,1000.0,WD(WARRANTY DEED),0.33,False,AR
16-21335-000,1/4/1993,0.0,DC(DEATH CERTIFICATE),0.33,False,AR
16-21335-000,2/4/1984,0.0,WD(WARRANTY DEED),0.33,False,AR
16-21336-000,11/6/2024,10000.0,WD(WARRANTY DEED),0.27,False,AR
16-21336-000,7/6/2023,8000.0,WD(WARRANTY DEED),0.27,False,AR
16-21336-000,3/31/1993,1000.0,WD(WARRANTY DEED),0.27,False,AR
16-21336-000,3/28/1993,1000.0,WD(WARRANTY DEED),0.27,False,AR
16-21336-000,8/27/1992,0.0,QCD(QUITCLAIM DEED),0.27,False,AR
16-21336-000,7/4/1992,0.0,DC(DEATH CERTIFICATE),0.27,False,AR
16-21336-000,3/18/1992,0.0,CONT(CONTRACT),0.27,False,AR
16-21336-000,7/9/1985,0.0,CONT(CONTRACT),0.27,False,AR
16-21336-000,7/24/1984,0.0,CONT(CONTRACT),0.27,False,AR
16-21337-000,4/9/2021,0.0,LWD(LIMITED WARRANTY DEED),0.28,False,FL
16-21337-000,11/26/2012,24000.0,WD(WARRANTY DEED),0.28,False,FL
16-21337-000,11/8/2012,9000.0,WD(WARRANTY DEED),0.28,False,FL
16-21337-000,10/11/2012,0.0,LWD(LIMITED WARRANTY DEED),0.28,False,FL
16-21337-000,10/31/2003,1000.0,WD(WARRANTY DEED),0.28,False,FL
16-21337-000,8/4/2003,0.0,RD(REDEMPTION DEED),0.28,False,FL
16-21337-000,6/19/2003,0.0,COMMD(COMMISSIONERS DEED),0.28,False,FL
16-21337-000,10/8/1996,0.0,QCD(QUITCLAIM DEED),0.28,False,FL
16-21337-000,10/8/1996,5000.0,WD(WARRANTY DEED),0.28,False,FL
16-21337-000,12/12/1995,0.0,DC(DEATH CERTIFICATE),0.28,False,FL
16-21337-000,3/3/1982,5000.0,WD(WARRANTY DEED),0.28,False,FL
16-21337-000,11/1/1981,0.0,CONT(CONTRACT),0.28,False,FL
16-21338-000,3/8/2019,1000.0,QCD(QUITCLAIM DEED),0.29,False,AR
16-21338-000,7/15/2014,500.0,SWD(SPECIAL WARRANTY DEED),0.29,False,AR
16-21338-000,6/17/2013,0.0,QCD(QUITCLAIM DEED),0.29,False,AR
16-21338-000,6/16/2011,0.0,CWD(CORPORATION WARRANTY DEED),0.29,False,AR
16-21338-000,7/28/2009,0.0,COMMD(COMMISSIONERS DEED),0.29,False,AR
16-21338-000,4/27/2006,265000.0,WD(WARRANTY DEED),0.29,False,AR
16-21338-000,7/1/2005,2000.0,WD(WARRANTY DEED),0.29,False,AR
16-21338-000,7/22/2003,0.0,DC(DEATH CERTIFICATE),0.29,False,AR
16-21338-000,1/12/1984,0.0,WD(WARRANTY DEED),0.29,False,AR
16-21339-000,1/27/2023,5000.0,WD(WARRANTY DEED),0.26,False,AR
16-21339-000,8/22/2019,0.0,DC(DEATH CERTIFICATE),0.26,False,AR
16-21339-000,3/25/2008,0.0,AFF(AFFIDAVIT),0.26,False,AR
16-21339-000,5/23/2007,0.0,WD(WARRANTY DEED),0.26,False,AR
16-21339-000,10/9/1989,0.0,QCD(QUITCLAIM DEED),0.26,False,AR
16-21339-000,9/12/1983,6000.0,WD(WARRANTY DEED),0.26,False,AR
16-21340-000,11/30/2022,12000.0,WD(WARRANTY DEED),0.31,False,AR
16-21340-000,8/30/2019,7000.0,CWD(CORPORATION WARRANTY DEED),0.31,False,AR
16-21340-000,12/30/2013,0.0,CWD(CORPORATION WARRANTY DEED),0.31,False,AR
16-21340-000,11/15/2012,0.0,DEED(GRANT DEED),0.31,False,AR
16-21340-000,11/15/2012,0.0,DEED(GRANT DEED),0.31,False,AR
16-21340-000,12/14/2007,0.0,AFF(AFFIDAVIT),0.31,False,AR
16-21340-000,7/7/2006,0.0,QCD(QUITCLAIM DEED),0.31,False,AR
16-21340-000,1/27/2006,8000.0,COMMD(COMMISSIONERS DEED),0.31,False,AR
16-21340-000,4/15/2004,4000.0,WD(WARRANTY DEED),0.31,False,AR
16-21340-000,9/16/1994,0.0,RD(REDEMPTION DEED),0.31,False,AR
16-21340-000,12/11/1991,4800.0,WD(WARRANTY DEED),0.31,False,AR
16-21340-000,5/1/1979,0.0,HIST(HISTORICAL),0.31,False,AR
16-21341-000,11/13/2021,5000.0,WD(WARRANTY DEED),0.34,False,AR
16-21341-000,9/15/2021,0.0,RD(REDEMPTION DEED),0.34,False,AR
16-21341-000,2/15/2019,0.0,DC(DEATH CERTIFICATE),0.34,False,AR
16-21341-000,7/8/2008,0.0,BD(BENEFICIARY DEED),0.34,False,AR
16-21341-000,1/12/2007,0.0,DC(DEATH CERTIFICATE),0.34,False,AR
16-21341-000,1/18/1994,0.0,QCD(QUITCLAIM DEED),0.34,False,AR
16-21341-000,8/1/1982,0.0,WD(WARRANTY DEED),0.34,False,AR
16-21342-000,3/2/2022,5000.0,WD(WARRANTY DEED),0.34,False,AR
16-21342-000,1/16/1985,6000.0,WD(WARRANTY DEED),0.34,False,AR
16-21343-000,5/13/2022,5000.0,WD(WARRANTY DEED),0.29,False,AR
16-21343-000,4/17/2019,1000.0,SWD(SPECIAL WARRANTY DEED),0.29,False,AR
16-21343-000,8/28/2014,0.0,COMMD(COMMISSIONERS DEED),0.29,False,AR
16-21343-000,11/20/2013,0.0,RD(REDEMPTION DEED),0.29,False,AR
16-21343-000,10/3/2005,2000.0,QCD(QUITCLAIM DEED),0.29,False,AR
16-21343-000,3/12/1992,0.0,DC(DEATH CERTIFICATE),0.29,False,AR
16-21343-000,10/30/1981,0.0,CONT(CONTRACT),0.29,False,AR
16-21344-000,1/10/2023,5000.0,WD(WARRANTY DEED),0.26,False,AR
16-21344-000,8/4/1999,0.0,WD(WARRANTY DEED),0.26,False,AR
16-21344-000,5/15/1992,1000.0,WD(WARRANTY DEED),0.26,False,AR
16-21344-000,5/15/1992,1000.0,WD(WARRANTY DEED),0.26,False,AR
16-21344-000,9/12/1986,5000.0,WD(WARRANTY DEED),0.26,False,AR
16-21344-000,6/28/1977,0.0,HIST(HISTORICAL),0.26,False,AR
16-21344-000,4/18/1976,8000.0,WD(WARRANTY DEED),0.26,False,AR
16-21345-000,4/26/2005,1000.0,WD(WARRANTY DEED),0.25,False,AR
16-21345-000,4/29/2004,0.0,QCD(QUITCLAIM DEED),0.25,False,AR
16-21345-000,10/21/2003,0.0,WD(WARRANTY DEED),0.25,False,AR
16-21345-000,10/21/2003,0.0,DC(DEATH CERTIFICATE),0.25,False,AR
16-21345-000,12/4/2000,1000.0,WD(WARRANTY DEED),0.25,False,AR
16-21345-000,1/8/1997,0.0,WD(WARRANTY DEED),0.25,False,AR
16-21345-000,11/22/1995,0.0,WD(WARRANTY DEED),0.25,False,AR
16-21345-000,11/4/1991,0.0,WD(WARRANTY DEED),0.25,False,AR
16-21345-000,2/15/1990,1000.0,WD(WARRANTY DEED),0.25,False,AR
16-21345-000,2/8/1984,7000.0,WD(WARRANTY DEED),0.25,False,AR
16-21346-000,7/12/2019,0.0,RD(REDEMPTION DEED),0.29,False,TX
16-21346-000,3/24/2005,0.0,DC(DEATH CERTIFICATE),0.29,False,TX
16-21346-000,6/17/2002,0.0,WD(WARRANTY DEED),0.29,False,TX
16-21346-000,8/12/1976,6000.0,WD(WARRANTY DEED),0.29,False,TX
16-21347-000,2/19/2020,1000.0,SWD(SPECIAL WARRANTY DEED),0.29,False,AR
16-21347-000,1/15/2020,0.0,QCD(QUITCLAIM DEED),0.29,False,AR
16-21347-000,10/30/2018,0.0,QCD(QUITCLAIM DEED),0.29,False,AR
16-21347-000,9/21/2017,0.0,QCD(QUITCLAIM DEED),0.29,False,AR
16-21347-000,6/13/1994,0.0,CORRWD(CORRECTED WARRANTY DEED),0.29,False,AR
16-21347-000,6/12/1994,0.0,CORRWD(CORRECTED WARRANTY DEED),0.29,False,AR
16-21347-000,5/20/1994,0.0,CORRWD(CORRECTED WARRANTY DEED),0.29,False,AR
16-21347-000,5/16/1994,1000.0,WD(WARRANTY DEED),0.29,False,AR
16-21347-000,6/3/1980,2000.0,WD(WARRANTY DEED),0.29,False,AR
16-21348-000,5/13/2022,210000.0,WD(WARRANTY DEED),0.25,False,FL
16-21348-000,11/19/2018,10000.0,SWD(SPECIAL WARRANTY DEED),0.25,False,FL
16-21348-000,10/30/2018,0.0,LWD(LIMITED WARRANTY DEED),0.25,False,FL
16-21348-000,11/27/2000,0.0,QCD(QUITCLAIM DEED),0.25,False,FL
16-21348-000,10/20/1993,0.0,QCD(QUITCLAIM DEED),0.25,False,FL
16-21348-000,10/20/1993,0.0,QCD(QUITCLAIM DEED),0.25,False,FL
16-21348-000,9/28/1993,1000.0,WD(WARRANTY DEED),0.25,False,FL
16-21348-000,9/28/1993,1000.0,WD(WARRANTY DEED),0.25,False,FL
16-21348-000,8/26/1985,7000.0,WD(WARRANTY DEED),0.25,False,FL
16-21349-000,11/7/2019,1000.0,SWD(SPECIAL WARRANTY DEED),0.29,False,MO
16-21349-000,9/27/2019,0.0,QCD(QUITCLAIM DEED),0.29,False,MO
16-21349-000,7/17/1997,0.0,WD(WARRANTY DEED),0.29,False,MO
16-21349-000,1/30/1990,0.0,DC(DEATH CERTIFICATE),0.29,False,MO
16-21349-000,11/15/1978,6000.0,WD(WARRANTY DEED),0.29,False,MO
16-21350-000,9/28/2006,191000.0,WD(WARRANTY DEED),0.26,True,AR
16-21350-000,6/7/2006,8000.0,WD(WARRANTY DEED),0.26,True,AR
16-21350-000,5/4/2004,1000.0,WD(WARRANTY DEED),0.26,True,AR
16-21350-000,9/15/2000,0.0,RD(REDEMPTION DEED),0.26,True,AR
16-21350-000,8/23/2000,1000.0,WD(WARRANTY DEED),0.26,True,AR
16-21350-000,4/14/2000,0.0,COMMD(COMMISSIONERS DEED),0.26,True,AR
16-21350-000,1/24/1996,1000.0,COMMD(COMMISSIONERS DEED),0.26,True,AR
16-21350-000,12/13/1985,0.0,AFF(AFFIDAVIT),0.26,True,AR
16-21350-000,11/3/1978,7000.0,CWD(CORPORATION WARRANTY DEED),0.26,True,AR
16-21351-000,4/2/2024,22000.0,WD(WARRANTY DEED),0.23,False,AR
16-21351-000,1/8/2024,22000.0,WD(WARRANTY DEED),0.23,False,AR
16-21351-000,10/5/2011,0.0,QCD(QUITCLAIM DEED),0.23,False,AR
16-21351-000,10/5/2011,1693333.0,CORRQC(CORRECTED QUIT CLAIM DEED),0.23,False,AR
16-21351-000,11/24/2008,0.0,WD(WARRANTY DEED),0.23,False,AR
16-21351-000,10/27/2005,100000.0,WD(WARRANTY DEED),0.23,False,AR
16-21351-000,8/1/2005,2000.0,WD(WARRANTY DEED),0.23,False,AR
16-21351-000,1/17/1996,0.0,CWD(CORPORATION WARRANTY DEED),0.23,False,AR
16-21351-000,10/26/1992,0.0,RD(REDEMPTION DEED),0.23,False,AR
16-21351-000,9/29/1992,1000.0,COMMD(COMMISSIONERS DEED),0.23,False,AR
16-21351-000,2/1/1978,5000.0,WD(WARRANTY DEED),0.23,False,AR
16-21352-000,10/4/2019,1000.0,WD(WARRANTY DEED),0.24,False,AR
16-21352-000,4/17/2008,22000.0,WD(WARRANTY DEED),0.24,False,AR
16-21352-000,10/27/2005,100000.0,WD(WARRANTY DEED),0.24,False,AR
16-21352-000,9/22/2005,5000.0,WD(WARRANTY DEED),0.24,False,AR
16-21352-000,3/28/2003,1000.0,QCD(QUITCLAIM DEED),0.24,False,AR
16-21352-000,3/7/2003,0.0,WD(WARRANTY DEED),0.24,False,AR
16-21352-000,11/25/2002,0.0,RD(REDEMPTION DEED),0.24,False,AR
16-21352-000,8/27/1984,7000.0,WD(WARRANTY DEED),0.24,False,AR
16-21353-000,12/28/2020,6000.0,WD(WARRANTY DEED),0.28,False,AR
16-21353-000,4/10/2019,2000.0,SWD(SPECIAL WARRANTY DEED),0.28,False,AR
16-21353-000,10/5/2013,1000.0,QCD(QUITCLAIM DEED),0.28,False,AR
16-21353-000,4/13/1992,0.0,QCD(QUITCLAIM DEED),0.28,False,AR
16-21353-000,6/5/1991,6000.0,WD(WARRANTY DEED),0.28,False,AR
16-21353-000,8/2/1990,0.0,CONT(CONTRACT),0.28,False,AR
16-21353-000,8/29/1986,5000.0,WD(WARRANTY DEED),0.28,False,AR
16-21354-000,2/4/1986,0.0,CONT(CONTRACT),0.31,False,IA
16-21354-000,6/20/1985,0.0,CONT(CONTRACT),0.31,False,IA
16-21354-000,12/6/1984,0.0,CONT(CONTRACT),0.31,False,IA
16-21354-000,8/8/1984,0.0,CONT(CONTRACT),0.31,False,IA
16-21355-000,8/24/2021,5000.0,SWD(SPECIAL WARRANTY DEED),0.3,False,IL
16-21355-000,4/13/2021,0.0,LWD(LIMITED WARRANTY DEED),0.3,False,IL
16-21355-000,8/28/2009,1451000.0,QCD(QUITCLAIM DEED),0.3,False,IL
16-21355-000,8/21/2009,402000.0,DEED(GRANT DEED),0.3,False,IL
16-21355-000,9/15/2008,0.0,DEED(GRANT DEED),0.3,False,IL
16-21355-000,12/19/2005,8000.0,WD(WARRANTY DEED),0.3,False,IL
16-21355-000,11/19/2004,0.0,QCD(QUITCLAIM DEED),0.3,False,IL
16-21355-000,7/19/1994,0.0,WD(WARRANTY DEED),0.3,False,IL
16-21355-000,3/6/1984,0.0,WD(WARRANTY DEED),0.3,False,IL
16-21356-000,3/30/2000,0.0,QCD(QUITCLAIM DEED),0.28,False,AR
16-21356-000,7/22/1996,1000.0,WD(WARRANTY DEED),0.28,False,AR
16-21356-000,1/9/1984,6000.0,WD(WARRANTY DEED),0.28,False,AR
16-21357-000,3/31/2021,3000.0,QCD(QUITCLAIM DEED),0.26,False,AR
16-21357-000,12/11/2020,0.0,LWD(LIMITED WARRANTY DEED),0.26,False,AR
16-21357-000,8/28/2009,1451000.0,QCD(QUITCLAIM DEED),0.26,False,AR
16-21357-000,8/21/2009,402000.0,DEED(GRANT DEED),0.26,False,AR
16-21357-000,1/13/2009,0.0,QCD(QUITCLAIM DEED),0.26,False,AR
16-21357-000,11/24/2008,0.0,WD(WARRANTY DEED),0.26,False,AR
16-21357-000,3/6/2006,10000.0,WD(WARRANTY DEED),0.26,False,AR
16-21357-000,1/1/1997,0.0,DC(DEATH CERTIFICATE),0.26,False,AR
16-21357-000,6/8/1981,0.0,WD(WARRANTY DEED),0.26,False,AR
16-21358-000,1/29/2020,1000.0,SWD(SPECIAL WARRANTY DEED),0.31,False,AR
16-21358-000,12/30/2019,0.0,COMMD(COMMISSIONERS DEED),0.31,False,AR
16-21358-000,5/30/2019,0.0,RD(REDEMPTION DEED),0.31,False,AR
16-21358-000,8/22/2007,0.0,WD(WARRANTY DEED),0.31,False,AR
16-21358-000,3/2/2005,1000.0,WD(WARRANTY DEED),0.31,False,AR
16-21358-000,5/10/1986,0.0,DC(DEATH CERTIFICATE),0.31,False,AR
16-21358-000,9/13/1983,0.0,WD(WARRANTY DEED),0.31,False,AR
16-21359-000,3/1/2001,1000.0,QCD(QUITCLAIM DEED),0.25,False,AR
16-21359-000,3/1/2001,0.0,QCD(QUITCLAIM DEED),0.25,False,AR
16-21359-000,2/8/1984,5000.0,WD(WARRANTY DEED),0.25,False,AR
16-21360-000,"2,570",514.0,514,23.15,False,AR
16-21360-000,0,0.0,0,23.15,False,AR
16-21360-000,"2,570",514.0,514,23.15,False,AR
16-21360-000,,514.0,514,23.15,False,AR
16-21360-000,,0.06193,0.06193,23.15,False,AR
16-21360-000,,4.63,4.63,23.15,False,AR
16-21360-001,0,0.0,0,5.97,False,AR
16-21360-001,0,0.0,0,5.97,False,AR
16-21360-001,0,0.0,0,5.97,False,AR
16-21360-001,,0.0,0,5.97,False,AR
16-21360-001,,0.06193,0.06193,5.97,False,AR
16-25087-000,7/11/2002,1000.0,WD(WARRANTY DEED),0.32,False,CO
16-25087-000,11/30/2001,0.0,WD(WARRANTY DEED),0.32,False,CO
16-25087-000,11/30/2001,0.0,WD(WARRANTY DEED),0.32,False,CO
16-25087-000,3/8/1991,5000.0,WD(WARRANTY DEED),0.32,False,CO
16-25087-000,7/29/1989,0.0,CONT(CONTRACT),0.32,False,CO
16-25087-000,2/10/1989,0.0,CONT(CONTRACT),0.32,False,CO
16-25087-000,8/19/1981,0.0,CONT(CONTRACT),0.32,False,CO
16-25087-000,6/25/1980,6000.0,WD(WARRANTY DEED),0.32,False,CO
16-25088-000,11/12/2020,0.0,TRD(TRUSTEES DEED),0.33,False,AR
16-25088-000,10/10/2015,0.0,DC(DEATH CERTIFICATE),0.33,False,AR
16-25088-000,9/30/1992,0.0,WD(WARRANTY DEED),0.33,False,AR
16-25088-000,9/24/1992,0.0,CERT(CERTIFICATE),0.33,False,AR
16-25088-000,8/18/1988,2000.0,WD(WARRANTY DEED),0.33,False,AR
16-25088-000,5/18/1988,2000.0,WD(WARRANTY DEED),0.33,False,AR
16-25088-000,12/11/1987,1000.0,WD(WARRANTY DEED),0.33,False,AR
16-25088-000,9/16/1982,6000.0,WD(WARRANTY DEED),0.33,False,AR
16-25089-000,3/10/2021,5000.0,COMMD(COMMISSIONERS DEED),0.32,False,AR
16-25089-000,10/7/2020,0.0,RD(REDEMPTION DEED),0.32,False,AR
16-25089-000,8/28/2009,1451000.0,QCD(QUITCLAIM DEED),0.32,False,AR
16-25089-000,8/21/2009,402000.0,DEED(GRANT DEED),0.32,False,AR
16-25089-000,9/15/2008,0.0,DEED(GRANT DEED),0.32,False,AR
16-25089-000,4/24/2006,590000.0,WD(WARRANTY DEED),0.32,False,AR
16-25089-000,4/17/2006,0.0,AFF(AFFIDAVIT),0.32,False,AR
16-25089-000,6/28/2005,4000.0,WD(WARRANTY DEED),0.32,False,AR
16-25089-000,10/30/2000,1000.0,WD(WARRANTY DEED),0.32,False,AR
16-25089-000,10/20/1984,5000.0,WD(WARRANTY DEED),0.32,False,AR
16-25090-000,2/13/2021,4000.0,WD(WARRANTY DEED),0.33,False,IL
16-25090-000,5/19/2019,0.0,DC(DEATH CERTIFICATE),0.33,False,IL
16-25090-000,11/24/2014,0.0,CORRWD(CORRECTED WARRANTY DEED),0.33,False,IL
16-25090-000,1/14/2004,0.0,WD(WARRANTY DEED),0.33,False,IL
16-25090-000,9/5/1984,0.0,WD(WARRANTY DEED),0.33,False,IL
16-25091-000,2/23/2005,1000.0,WD(WARRANTY DEED),0.31,False,AR
16-25091-000,2/7/2005,1000.0,WD(WARRANTY DEED),0.31,False,AR
16-25091-000,1/5/2004,1000.0,WD(WARRANTY DEED),0.31,False,AR
16-25091-000,6/19/2003,0.0,COMMD(COMMISSIONERS DEED),0.31,False,AR
16-25091-000,2/21/1989,5000.0,WD(WARRANTY DEED),0.31,False,AR
16-25091-000,3/8/1984,0.0,WD(WARRANTY DEED),0.31,False,AR
16-25092-000,3/8/2022,4000.0,CWD(CORPORATION WARRANTY DEED),0.28,False,AR
16-25092-000,7/9/2010,6667.0,SWD(SPECIAL WARRANTY DEED),0.28,False,AR
16-25092-000,6/15/2010,0.0,SWD(SPECIAL WARRANTY DEED),0.28,False,AR
16-25092-000,12/2/2005,0.0,RD(REDEMPTION DEED),0.28,False,AR
16-25092-000,11/9/2005,12000.0,WD(WARRANTY DEED),0.28,False,AR
16-25092-000,10/13/2005,0.0,QCD(QUITCLAIM DEED),0.28,False,AR
16-25092-000,8/2/2004,1000.0,WD(WARRANTY DEED),0.28,False,AR
16-25092-000,4/13/2004,5000.0,QCD(QUITCLAIM DEED),0.28,False,AR
16-25092-000,4/14/2003,0.0,WD(WARRANTY DEED),0.28,False,AR
16-25092-000,5/31/1996,1000.0,WD(WARRANTY DEED),0.28,False,AR
16-25092-000,9/19/1995,1000.0,WD(WARRANTY DEED),0.28,False,AR
16-25092-000,9/28/1988,2000.0,WD(WARRANTY DEED),0.28,False,AR
16-25092-000,11/5/1984,6000.0,WD(WARRANTY DEED),0.28,False,AR
16-25093-000,4/3/2002,1000.0,QCD(QUITCLAIM DEED),0.26,False,AR
16-25093-000,3/23/1988,0.0,QCD(QUITCLAIM DEED),0.26,False,AR
16-25093-000,12/27/1983,7000.0,WD(WARRANTY DEED),0.26,False,AR
16-25094-000,5/16/2014,0.0,CERT(CERTIFICATE),0.3,False,AR
16-25094-000,2/3/2009,1000.0,WD(WARRANTY DEED),0.3,False,AR
16-25094-000,3/22/1993,1000.0,WD(WARRANTY DEED),0.3,False,AR
16-25094-000,3/22/1993,1000.0,WD(WARRANTY DEED),0.3,False,AR
16-25094-000,9/4/1984,0.0,WD(WARRANTY DEED),0.3,False,AR
16-25095-000,2/22/2017,0.0,WD(WARRANTY DEED),0.36,False,AR
16-25095-000,4/21/2015,0.0,RD(REDEMPTION DEED),0.36,False,AR
16-25095-000,1/16/2008,100000.0,WD(WARRANTY DEED),0.36,False,AR
16-25095-000,1/25/2006,0.0,RD(REDEMPTION DEED),0.36,False,AR
16-25095-000,1/5/2006,6000.0,WD(WARRANTY DEED),0.36,False,AR
16-25095-000,12/26/1989,0.0,RD(REDEMPTION DEED),0.36,False,AR
16-25095-000,1/25/1984,0.0,WD(WARRANTY DEED),0.36,False,AR
16-25096-000,2/13/2025,5500.0,WD(WARRANTY DEED),0.34,False,AR
16-25096-000,1/27/2025,0.0,AFF(AFFIDAVIT),0.34,False,AR
16-25096-000,1/13/2023,4000.0,WD(WARRANTY DEED),0.34,False,AR
16-25096-000,3/24/2020,1175.0,SWD(SPECIAL WARRANTY DEED),0.34,False,AR
16-25096-000,12/30/2019,0.0,COMMD(COMMISSIONERS DEED),0.34,False,AR
16-25096-000,9/12/2019,0.0,RD(REDEMPTION DEED),0.34,False,AR
16-25096-000,1/4/2006,6000.0,WD(WARRANTY DEED),0.34,False,AR
16-25096-000,11/28/2005,1000.0,WD(WARRANTY DEED),0.34,False,AR
16-25096-000,3/16/1995,1000.0,WD(WARRANTY DEED),0.34,False,AR
16-25096-000,3/16/1995,1000.0,CWD(CORPORATION WARRANTY DEED),0.34,False,AR
16-25096-000,2/1/1979,6000.0,WD(WARRANTY DEED),0.34,False,AR
16-25097-000,2/24/2025,312000.0,WD(WARRANTY DEED),0.31,True,AR
16-25097-000,10/31/2019,146000.0,WD(WARRANTY DEED),0.31,True,AR
16-25097-000,8/31/2012,97000.0,WD(WARRANTY DEED),0.31,True,AR
16-25097-000,6/30/2011,7000000.0,TRD(TRUSTEES DEED),0.31,True,AR
16-25097-000,4/20/2000,2000.0,WD(WARRANTY DEED),0.31,True,AR
16-25097-000,12/6/1999,1000.0,WD(WARRANTY DEED),0.31,True,AR
16-25097-000,9/16/1999,0.0,RD(REDEMPTION DEED),0.31,True,AR
16-25097-000,7/23/1999,0.0,QCD(QUITCLAIM DEED),0.31,True,AR
16-25097-000,2/3/1997,0.0,DC(DEATH CERTIFICATE),0.31,True,AR
16-25097-000,5/8/1991,0.0,CONT(CONTRACT),0.31,True,AR
16-25097-000,11/15/1983,6000.0,WD(WARRANTY DEED),0.31,True,AR
16-25098-000,9/24/2019,5000.0,WD(WARRANTY DEED),0.31,False,AR
16-25098-000,12/29/1981,9000.0,WD(WARRANTY DEED),0.31,False,AR
16-25099-000,3/24/2023,6000.0,WD(WARRANTY DEED),0.3,False,AR
16-25099-000,2/22/2017,0.0,WD(WARRANTY DEED),0.3,False,AR
16-25099-000,4/21/2015,0.0,RD(REDEMPTION DEED),0.3,False,AR
16-25099-000,1/16/2008,100000.0,WD(WARRANTY DEED),0.3,False,AR
16-25099-000,2/2/2006,6000.0,WD(WARRANTY DEED),0.3,False,AR
16-25099-000,6/20/1996,0.0,WD(WARRANTY DEED),0.3,False,AR
16-25099-000,5/28/1996,1000.0,CWD(CORPORATION WARRANTY DEED),0.3,False,AR
16-25099-000,5/28/1996,1000.0,WD(WARRANTY DEED),0.3,False,AR
16-25099-000,2/12/1992,800.0,WD(WARRANTY DEED),0.3,False,AR
16-25099-000,11/23/1984,0.0,CONT(CONTRACT),0.3,False,AR
16-25100-000,4/21/2022,0.0,RD(REDEMPTION DEED),0.33,False,FL
16-25100-000,4/8/2021,0.0,QCD(QUITCLAIM DEED),0.33,False,FL
16-25100-000,4/5/2006,6000.0,WD(WARRANTY DEED),0.33,False,FL
16-25100-000,7/14/1998,1000.0,WD(WARRANTY DEED),0.33,False,FL
16-25100-000,8/26/1983,6000.0,WD(WARRANTY DEED),0.33,False,FL
16-25101-000,2/14/2024,0.0,AFF(AFFIDAVIT),0.35,False,AR
16-25101-000,12/1/2022,9000.0,WD(WARRANTY DEED),0.35,False,AR
16-25101-000,11/1/2022,0.0,OR(ORDER),0.35,False,AR
16-25101-000,5/13/2022,210000.0,WD(WARRANTY DEED),0.35,False,AR
16-25101-000,11/19/2018,10000.0,SWD(SPECIAL WARRANTY DEED),0.35,False,AR
16-25101-000,10/30/2018,0.0,LWD(LIMITED WARRANTY DEED),0.35,False,AR
16-25101-000,10/20/2015,0.0,QCD(QUITCLAIM DEED),0.35,False,AR
16-25101-000,7/31/2007,5000.0,COMMD(COMMISSIONERS DEED),0.35,False,AR
16-25101-000,7/3/2006,0.0,RD(REDEMPTION DEED),0.35,False,AR
16-25101-000,6/11/1982,0.0,WD(WARRANTY DEED),0.35,False,AR
16-25102-000,11/12/2021,0.0,WD(WARRANTY DEED),0.38,False,AR
16-25102-000,1/19/2006,0.0,WD(WARRANTY DEED),0.38,False,AR
16-25102-000,1/5/2006,0.0,CORRWD(CORRECTED WARRANTY DEED),0.38,False,AR
16-25102-000,4/18/2005,1000.0,WD(WARRANTY DEED),0.38,False,AR
16-25102-000,8/26/1998,1000.0,WD(WARRANTY DEED),0.38,False,AR
16-25102-000,8/5/1998,1000.0,WD(WARRANTY DEED),0.38,False,AR
16-25102-000,7/30/1998,0.0,CORRWD(CORRECTED WARRANTY DEED),0.38,False,AR
16-25102-000,10/5/1992,0.0,WD(WARRANTY DEED),0.38,False,AR
16-25103-000,2/4/2023,2000.0,WD(WARRANTY DEED),0.38,False,MT
16-25103-000,10/20/2022,0.0,DEC(DECREE),0.38,False,MT
16-25103-000,11/19/2021,4000.0,COMMD(COMMISSIONERS DEED),0.38,False,MT
16-25103-000,9/2/2021,0.0,RD(REDEMPTION DEED),0.38,False,MT
16-25103-000,1/16/1985,0.0,QCD(QUITCLAIM DEED),0.38,False,MT
16-25104-000,10/20/2021,6500.0,WD(WARRANTY DEED),0.32,False,AR
16-25104-000,5/24/2005,0.0,QCD(QUITCLAIM DEED),0.32,False,AR
16-25104-000,11/20/2000,0.0,RD(REDEMPTION DEED),0.32,False,AR
16-25104-000,3/27/1997,0.0,WD(WARRANTY DEED),0.32,False,AR
16-25104-000,2/18/1997,0.0,WD(WARRANTY DEED),0.32,False,AR
16-25104-000,8/7/1992,5500.0,WD(WARRANTY DEED),0.32,False,AR
16-25104-000,7/11/1991,2000.0,WD(WARRANTY DEED),0.32,False,AR
16-25104-000,2/22/1984,6000.0,WD(WARRANTY DEED),0.32,False,AR
16-25105-000,12/8/2022,19000.0,WD(WARRANTY DEED),0.34,False,AR
16-25105-000,7/27/2020,0.0,RD(REDEMPTION DEED),0.34,False,AR
16-25105-000,12/4/2009,0.0,QCD(QUITCLAIM DEED),0.34,False,AR
16-25105-000,12/5/2006,4000.0,WD(WARRANTY DEED),0.34,False,AR
16-25105-000,7/14/2003,0.0,RD(REDEMPTION DEED),0.34,False,AR
16-25105-000,11/24/1998,1000.0,WD(WARRANTY DEED),0.34,False,AR
16-25105-000,4/17/1995,1000.0,WD(WARRANTY DEED),0.34,False,AR
16-25105-000,4/14/1995,1000.0,CWD(CORPORATION WARRANTY DEED),0.34,False,AR
16-25105-000,8/9/1985,0.0,QCD(QUITCLAIM DEED),0.34,False,AR
16-25105-000,8/19/1976,6000.0,WD(WARRANTY DEED),0.34,False,AR
16-25106-000,9/1/2023,0.0,QCD(QUITCLAIM DEED),0.25,False,AR
16-25106-000,8/30/2023,15000.0,WD(WARRANTY DEED),0.25,False,AR
16-25106-000,4/9/2021,0.0,LWD(LIMITED WARRANTY DEED),0.25,False,AR
16-25106-000,8/28/2009,1451000.0,QCD(QUITCLAIM DEED),0.25,False,AR
16-25106-000,8/21/2009,402000.0,DEED(GRANT DEED),0.25,False,AR
16-25106-000,9/15/2008,0.0,DEED(GRANT DEED),0.25,False,AR
16-25106-000,4/12/2006,10000.0,WD(WARRANTY DEED),0.25,False,AR
16-25106-000,2/7/2002,1000.0,WD(WARRANTY DEED),0.25,False,AR
16-25106-000,1/7/2002,0.0,RD(REDEMPTION DEED),0.25,False,AR
16-25106-000,12/13/2001,0.0,COMMD(COMMISSIONERS DEED),0.25,False,AR
16-25106-000,11/13/1996,0.0,WD(WARRANTY DEED),0.25,False,AR
16-25106-000,7/1/1982,7000.0,WD(WARRANTY DEED),0.25,False,AR
16-25107-000,4/21/2025,11000.0,WD(WARRANTY DEED),0.23,False,AR
16-25107-000,3/25/2025,2705.0,WD(WARRANTY DEED),0.23,False,AR
16-25107-000,4/1/2019,200.0,SWD(SPECIAL WARRANTY DEED),0.23,False,AR
16-25107-000,8/4/2016,0.0,COMMD(COMMISSIONERS DEED),0.23,False,AR
16-25107-000,3/29/2016,0.0,RD(REDEMPTION DEED),0.23,False,AR
16-25107-000,5/18/2012,0.0,RD(REDEMPTION DEED),0.23,False,AR
16-25107-000,6/16/2006,6000.0,WD(WARRANTY DEED),0.23,False,AR
16-25107-000,12/29/1995,0.0,QCD(QUITCLAIM DEED),0.23,False,AR
16-25107-000,5/2/1994,504.0,RD(REDEMPTION DEED),0.23,False,AR
16-25107-000,4/12/1994,5000.0,COMMD(COMMISSIONERS DEED),0.23,False,AR
16-25107-000,4/19/1982,6000.0,WD(WARRANTY DEED),0.23,False,AR
16-25108-000,5/8/2006,6000.0,WD(WARRANTY DEED),0.24,False,FL
16-25108-000,5/8/2006,0.0,QCD(QUITCLAIM DEED),0.24,False,FL
16-25108-000,5/8/2006,0.0,AFF(AFFIDAVIT),0.24,False,FL
16-25108-000,5/8/2006,0.0,AFF(AFFIDAVIT),0.24,False,FL
16-25108-000,2/24/2006,731000.0,WD(WARRANTY DEED),0.24,False,FL
16-25108-000,4/14/2003,0.0,RD(REDEMPTION DEED),0.24,False,FL
16-25108-000,9/7/1999,0.0,DC(DEATH CERTIFICATE),0.24,False,FL
16-25108-000,3/9/1999,0.0,DC(DEATH CERTIFICATE),0.24,False,FL
16-25108-000,10/28/1988,0.0,CONT(CONTRACT),0.24,False,FL
16-25108-000,9/9/1984,8000.0,WD(WARRANTY DEED),0.24,False,FL
16-25109-000,11/29/2023,0.0,CERT(CERTIFICATE),0.24,False,
16-25109-000,11/29/2023,0.0,WD(WARRANTY DEED),0.24,False,
16-25109-000,11/22/2006,0.0,MEMO(MEMORANDUM),0.24,False,
16-25109-000,11/4/2003,1000.0,COMMD(COMMISSIONERS DEED),0.24,False,
16-25109-000,11/25/2002,0.0,RD(REDEMPTION DEED),0.24,False,
16-25109-000,12/4/1987,0.0,CONT(CONTRACT),0.24,False,
16-25109-000,11/6/1981,7000.0,WD(WARRANTY DEED),0.24,False,
16-25110-000,10/15/2014,0.0,RD(REDEMPTION DEED),0.25,False,NC
16-25110-000,1/27/1995,0.0,QCD(QUITCLAIM DEED),0.25,False,NC
16-25110-000,1/27/1995,0.0,QCD(QUITCLAIM DEED),0.25,False,NC
16-25110-000,11/10/1994,1000.0,CWD(CORPORATION WARRANTY DEED),0.25,False,NC
16-25110-000,8/3/1982,0.0,WD(WARRANTY DEED),0.25,False,NC
16-25111-000,5/9/2025,10500.0,WD(WARRANTY DEED),0.28,False,MB
16-25111-000,5/9/2025,0.0,REVBD(REVOCATION OF BENEFICIARY DEED),0.28,False,MB
16-25111-000,1/7/2009,0.0,BD(BENEFICIARY DEED),0.28,False,MB
16-25111-000,12/9/1983,3000.0,WD(WARRANTY DEED),0.28,False,MB
16-25112-000,12/13/2005,6000.0,WD(WARRANTY DEED),0.27,False,TX
16-25112-000,9/25/2000,1000.0,WD(WARRANTY DEED),0.27,False,TX
16-25112-000,1/18/2000,0.0,WD(WARRANTY DEED),0.27,False,TX
16-25112-000,12/14/1988,2000.0,WD(WARRANTY DEED),0.27,False,TX
16-25112-000,11/10/1986,0.0,DC(DEATH CERTIFICATE),0.27,False,TX
16-25112-000,12/3/1981,7000.0,WD(WARRANTY DEED),0.27,False,TX
16-25113-000,4/26/2022,6000.0,WD(WARRANTY DEED),0.23,False,AR
16-25113-000,7/7/2005,0.0,WD(WARRANTY DEED),0.23,False,AR
16-25113-000,6/25/2003,5333.0,WD(WARRANTY DEED),0.23,False,AR
16-25113-000,7/6/1997,0.0,DC(DEATH CERTIFICATE),0.23,False,AR
16-25113-000,4/21/1990,0.0,CONT(CONTRACT),0.23,False,AR
16-25113-000,8/31/1988,10000.0,WD(WARRANTY DEED),0.23,False,AR
16-25113-000,3/4/1983,0.0,QCD(QUITCLAIM DEED),0.23,False,AR
16-25114-000,1/11/2024,7000.0,WD(WARRANTY DEED),0.26,False,AR
16-25114-000,4/9/2019,200.0,SWD(SPECIAL WARRANTY DEED),0.26,False,AR
16-25114-000,12/22/2015,0.0,COMMD(COMMISSIONERS DEED),0.26,False,AR
16-25114-000,8/25/2015,0.0,RD(REDEMPTION DEED),0.26,False,AR
16-25114-000,6/10/2013,0.0,RD(REDEMPTION DEED),0.26,False,AR
16-25114-000,6/24/1994,0.0,WD(WARRANTY DEED),0.26,False,AR
16-25114-000,10/21/1983,7000.0,WD(WARRANTY DEED),0.26,False,AR
16-25115-000,6/11/2024,0.0,WD(WARRANTY DEED),0.26,False,AR
16-25115-000,5/23/2024,8000.0,WD(WARRANTY DEED),0.26,False,AR
16-25115-000,5/14/2009,0.0,WD(WARRANTY DEED),0.26,False,AR
16-25115-000,5/16/2008,15000.0,WD(WARRANTY DEED),0.26,False,AR
16-25115-000,3/6/2006,500000.0,WD(WARRANTY DEED),0.26,False,AR
16-25115-000,11/7/2005,6000.0,WD(WARRANTY DEED),0.26,False,AR
16-25115-000,8/11/2005,0.0,WD(WARRANTY DEED),0.26,False,AR
16-25115-000,8/23/1989,0.0,CONT(CONTRACT),0.26,False,AR
16-25115-000,2/16/1989,7000.0,WD(WARRANTY DEED),0.26,False,AR
16-25115-000,11/22/1988,2000.0,WD(WARRANTY DEED),0.26,False,AR
16-25115-000,11/4/1988,0.0,WD(WARRANTY DEED),0.26,False,AR
16-25115-000,6/9/1986,2000.0,WD(WARRANTY DEED),0.26,False,AR
16-25115-000,10/27/1978,7000.0,WD(WARRANTY DEED),0.26,False,AR
16-25116-000,6/2/2003,137000.0,WD(WARRANTY DEED),0.29,True,AR
16-25116-000,1/18/1999,1000.0,WD(WARRANTY DEED),0.29,True,AR
16-25116-000,7/23/1975,6000.0,WD(WARRANTY DEED),0.29,True,AR
16-25117-000,7/14/2023,8000.0,QCD(QUITCLAIM DEED),0.27,False,AR
16-25117-000,7/23/2001,0.0,DC(DEATH CERTIFICATE),0.27,False,AR
16-25117-000,1/19/1984,7000.0,WD(WARRANTY DEED),0.27,False,AR
16-25118-000,11/22/2024,8000.0,WD(WARRANTY DEED),0.28,False,FL
16-25118-000,6/24/2024,5000.0,WD(WARRANTY DEED),0.28,False,FL
16-25118-000,6/24/2024,0.0,CORRWD(CORRECTED WARRANTY DEED),0.28,False,FL
16-25118-000,5/7/2015,0.0,WD(WARRANTY DEED),0.28,False,FL
16-25118-000,5/21/2010,1000.0,COMMD(COMMISSIONERS DEED),0.28,False,FL
16-25118-000,4/19/2007,0.0,RD(REDEMPTION DEED),0.28,False,FL
16-25118-000,2/8/2007,0.0,TRD(TRUSTEES DEED),0.28,False,FL
16-25118-000,7/30/1999,0.0,WD(WARRANTY DEED),0.28,False,FL
16-25118-000,8/14/1992,0.0,WD(WARRANTY DEED),0.28,False,FL
16-25118-000,7/21/1976,7000.0,WD(WARRANTY DEED),0.28,False,FL
16-25119-000,3/16/2020,0.0,LWD(LIMITED WARRANTY DEED),0.29,False,MO
16-25119-000,6/1/2012,0.0,WD(WARRANTY DEED),0.29,False,MO
16-25119-000,5/21/2012,0.0,SWD(SPECIAL WARRANTY DEED),0.29,False,MO
16-25119-000,12/30/2010,0.0,QCD(QUITCLAIM DEED),0.29,False,MO
16-25119-000,3/2/2010,0.0,FD(FIDUCIARY DEED),0.29,False,MO
16-25119-000,1/14/2008,0.0,DC(DEATH CERTIFICATE),0.29,False,MO
16-25119-000,9/30/2005,0.0,DC(DEATH CERTIFICATE),0.29,False,MO
16-25119-000,12/12/1991,0.0,RD(REDEMPTION DEED),0.29,False,MO
16-25119-000,10/3/1991,0.0,RD(REDEMPTION DEED),0.29,False,MO
16-25119-000,7/26/1984,0.0,WD(WARRANTY DEED),0.29,False,MO
16-25120-000,7/17/2019,1500.0,SWD(SPECIAL WARRANTY DEED),0.31,False,MO
16-25120-000,3/27/2017,0.0,RD(REDEMPTION DEED),0.31,False,MO
16-25120-000,2/1/2017,0.0,QCD(QUITCLAIM DEED),0.31,False,MO
16-25120-000,12/21/2011,374.0,LWD(LIMITED WARRANTY DEED),0.31,False,MO
16-25120-000,9/19/1997,1000.0,WD(WARRANTY DEED),0.31,False,MO
16-25120-000,9/19/1997,0.0,TRAG(TRUST AGREEMENT),0.31,False,MO
16-25120-000,6/15/1996,0.0,DC(DEATH CERTIFICATE),0.31,False,MO
16-25120-000,6/10/1996,0.0,DC(DEATH CERTIFICATE),0.31,False,MO
16-25120-000,1/10/1984,0.0,WD(WARRANTY DEED),0.31,False,MO
16-25121-000,5/2/2025,0.0,QCD(QUITCLAIM DEED),0.35,False,MO
16-25121-000,3/16/2020,0.0,LWD(LIMITED WARRANTY DEED),0.35,False,MO
16-25121-000,8/28/2009,1451000.0,QCD(QUITCLAIM DEED),0.35,False,MO
16-25121-000,8/21/2009,402000.0,DEED(GRANT DEED),0.35,False,MO
16-25121-000,9/15/2008,0.0,DEED(GRANT DEED),0.35,False,MO
16-25121-000,10/17/2005,6000.0,WD(WARRANTY DEED),0.35,False,MO
16-25121-000,11/22/1999,1000.0,WD(WARRANTY DEED),0.35,False,MO
16-25121-000,6/24/1993,4500.0,WD(WARRANTY DEED),0.35,False,MO
16-25121-000,9/10/1992,5900.0,WD(WARRANTY DEED),0.35,False,MO
16-25121-000,3/4/1985,5900.0,WD(WARRANTY DEED),0.35,False,MO
16-25122-000,7/18/2019,1500.0,SWD(SPECIAL WARRANTY DEED),0.35,False,NC
16-25122-000,11/19/2010,0.0,COMMD(COMMISSIONERS DEED),0.35,False,NC
16-25122-000,8/17/2009,0.0,RD(REDEMPTION DEED),0.35,False,NC
16-25122-000,2/23/2006,0.0,RD(REDEMPTION DEED),0.35,False,NC
16-25122-000,12/11/2001,0.0,RD(REDEMPTION DEED),0.35,False,NC
16-25122-000,8/2/1983,7000.0,WD(WARRANTY DEED),0.35,False,NC
16-25123-000,5/31/2018,0.0,DC(DEATH CERTIFICATE),0.33,False,AR
16-25123-000,2/22/1996,1000.0,WD(WARRANTY DEED),0.33,False,AR
16-25123-000,7/21/1995,1000.0,COMMD(COMMISSIONERS DEED),0.33,False,AR
16-25123-000,2/8/1984,6000.0,WD(WARRANTY DEED),0.33,False,AR
16-25124-000,11/19/1999,0.0,WD(WARRANTY DEED),0.28,False,MO
16-25124-000,11/19/1999,0.0,WD(WARRANTY DEED),0.28,False,MO
16-25124-000,11/19/1999,0.0,TRD(TRUSTEES DEED),0.28,False,MO
16-25124-000,7/25/1995,0.0,GD(GUARDIANS DEED),0.28,False,MO
16-25124-000,4/23/1993,1000.0,WD(WARRANTY DEED),0.28,False,MO
16-25124-000,4/23/1993,1000.0,WD(WARRANTY DEED),0.28,False,MO
16-25124-000,2/25/1985,0.0,DC(DEATH CERTIFICATE),0.28,False,MO
16-25124-000,11/6/1981,6000.0,WD(WARRANTY DEED),0.28,False,MO
16-25125-000,11/19/2021,4000.0,COMMD(COMMISSIONERS DEED),0.3,False,AR
16-25125-000,3/5/1997,0.0,QCD(QUITCLAIM DEED),0.3,False,AR
16-25125-000,8/17/1994,1000.0,WD(WARRANTY DEED),0.3,False,AR
16-25125-000,8/12/1991,1000.0,WD(WARRANTY DEED),0.3,False,AR
16-25125-000,4/12/1991,1000.0,WD(WARRANTY DEED),0.3,False,AR
16-25125-000,8/22/1989,5000.0,WD(WARRANTY DEED),0.3,False,AR
16-25126-000,12/28/2021,0.0,RD(REDEMPTION DEED),0.31,False,MT
16-25126-000,12/8/2021,8000.0,WD(WARRANTY DEED),0.31,False,MT
16-25126-000,4/8/2021,0.0,QCD(QUITCLAIM DEED),0.31,False,MT
16-25126-000,4/13/2006,6000.0,WD(WARRANTY DEED),0.31,False,MT
16-25126-000,7/11/2002,0.0,QCD(QUITCLAIM DEED),0.31,False,MT
16-25126-000,10/6/2001,0.0,AFF(AFFIDAVIT),0.31,False,MT
16-25126-000,7/7/1994,0.0,QCD(QUITCLAIM DEED),0.31,False,MT
16-25126-000,7/23/1982,6000.0,WD(WARRANTY DEED),0.31,False,MT
16-25127-000,3/29/2017,1000.0,QCD(QUITCLAIM DEED),0.28,False,AR
16-25127-000,10/31/2005,4000.0,CWD(CORPORATION WARRANTY DEED),0.28,False,AR
16-25127-000,4/13/2004,5000.0,QCD(QUITCLAIM DEED),0.28,False,AR
16-25127-000,4/14/2003,0.0,WD(WARRANTY DEED),0.28,False,AR
16-25128-000,2/7/2022,8500.0,WD(WARRANTY DEED),0.3,False,MT
16-25128-000,1/26/2022,0.0,QCD(QUITCLAIM DEED),0.3,False,MT
16-25128-000,10/14/2021,0.0,DEC(DECREE),0.3,False,MT
16-25128-000,12/4/2020,0.0,LWD(LIMITED WARRANTY DEED),0.3,False,MT
16-25128-000,8/28/2009,1451000.0,QCD(QUITCLAIM DEED),0.3,False,MT
16-25128-000,8/21/2009,402000.0,DEED(GRANT DEED),0.3,False,MT
16-25128-000,9/15/2008,0.0,DEED(GRANT DEED),0.3,False,MT
16-25128-000,11/8/2005,10000.0,WD(WARRANTY DEED),0.3,False,MT
16-25128-000,10/4/1999,0.0,QCD(QUITCLAIM DEED),0.3,False,MT
16-25128-000,7/3/1996,0.0,ML(MARRIAGE LICENSE),0.3,False,MT
16-25128-000,3/7/1983,0.0,WD(WARRANTY DEED),0.3,False,MT
16-25128-000,2/21/1979,0.0,WD(WARRANTY DEED),0.3,False,MT
16-25129-000,7/16/2019,0.0,QCD(QUITCLAIM DEED),0.28,False,LA
16-25129-000,12/18/2016,0.0,DC(DEATH CERTIFICATE),0.28,False,LA
16-25129-000,2/10/1995,0.0,RD(REDEMPTION DEED),0.28,False,LA
16-25129-000,12/15/1983,6000.0,WD(WARRANTY DEED),0.28,False,LA
16-25130-000,2/10/1998,1000.0,QCD(QUITCLAIM DEED),0.25,False,CO
16-25130-000,9/14/1992,0.0,WD(WARRANTY DEED),0.25,False,CO
16-25130-000,7/22/1986,0.0,CONT(CONTRACT),0.25,False,CO
16-25130-000,8/1/1983,0.0,CONT(CONTRACT),0.25,False,CO
16-25131-000,6/19/2023,14800.0,WD(WARRANTY DEED),0.33,False,FL
16-25131-000,10/5/2011,0.0,QCD(QUITCLAIM DEED),0.33,False,FL
16-25131-000,10/5/2011,1693333.0,CORRQC(CORRECTED QUIT CLAIM DEED),0.33,False,FL
16-25131-000,11/24/2008,0.0,WD(WARRANTY DEED),0.33,False,FL
16-25131-000,5/3/2005,2000.0,WD(WARRANTY DEED),0.33,False,FL
16-25131-000,6/2/1982,7000.0,WD(WARRANTY DEED),0.33,False,FL
16-25132-000,4/16/2021,0.0,QCD(QUITCLAIM DEED),0.45,False,AR
16-25132-000,2/3/1988,0.0,QCD(QUITCLAIM DEED),0.45,False,AR
16-25132-000,5/3/1984,7000.0,WD(WARRANTY DEED),0.45,False,AR
16-25133-000,2/21/2020,0.0,CORRQC(CORRECTED QUIT CLAIM DEED),0.37,False,AR
16-25133-000,2/21/2020,0.0,QCD(QUITCLAIM DEED),0.37,False,AR
16-25133-000,3/14/2018,0.0,TRD(TRUSTEES DEED),0.37,False,AR
16-25133-000,4/18/2017,0.0,DC(DEATH CERTIFICATE),0.37,False,AR
16-25133-000,4/7/2017,0.0,DC(DEATH CERTIFICATE),0.37,False,AR
16-25133-000,2/27/2014,0.0,WD(WARRANTY DEED),0.37,False,AR
16-25133-000,12/17/1994,0.0,CORRWD(CORRECTED WARRANTY DEED),0.37,False,AR
16-25133-000,9/23/1994,1000.0,CWD(CORPORATION WARRANTY DEED),0.37,False,AR
16-25133-000,9/23/1994,1000.0,WD(WARRANTY DEED),0.37,False,AR
16-25133-000,2/22/1989,0.0,DC(DEATH CERTIFICATE),0.37,False,AR
16-25133-000,8/18/1982,0.0,WD(WARRANTY DEED),0.37,False,AR
16-25134-000,10/31/2003,0.0,RD(REDEMPTION DEED),0.37,False,KS
16-25134-000,9/8/1992,1000.0,WD(WARRANTY DEED),0.37,False,KS
16-25134-000,2/9/1989,7100.0,WD(WARRANTY DEED),0.37,False,KS
16-25134-000,7/30/1987,0.0,WD(WARRANTY DEED),0.37,False,KS
16-25134-000,12/4/1984,6500.0,WD(WARRANTY DEED),0.37,False,KS
16-25135-000,5/19/2025,418000.0,WD(WARRANTY DEED),0.34,False,AR
16-25135-000,5/19/2025,0.0,AFF(AFFIDAVIT),0.34,False,AR
16-25135-000,11/22/2021,9000.0,QCD(QUITCLAIM DEED),0.34,False,AR
16-25135-000,9/16/2020,1300.0,SWD(SPECIAL WARRANTY DEED),0.34,False,AR
16-25135-000,9/8/2020,0.0,RD(REDEMPTION DEED),0.34,False,AR
16-25135-000,8/14/2020,0.0,QCD(QUITCLAIM DEED),0.34,False,AR
16-25135-000,7/27/2014,0.0,DC(DEATH CERTIFICATE),0.34,False,AR
16-25135-000,9/19/2013,1000.0,SWD(SPECIAL WARRANTY DEED),0.34,False,AR
16-25135-000,5/21/2012,500.0,COMMD(COMMISSIONERS DEED),0.34,False,AR
16-25135-000,4/19/2006,10000.0,WD(WARRANTY DEED),0.34,False,AR
16-25135-000,7/9/1991,6500.0,WD(WARRANTY DEED),0.34,False,AR
16-25135-000,5/7/1979,0.0,HIST(HISTORICAL),0.34,False,AR
16-25136-000,4/8/2021,0.0,LWD(LIMITED WARRANTY DEED),0.3,False,FL
16-25136-000,8/28/2009,1451000.0,QCD(QUITCLAIM DEED),0.3,False,FL
16-25136-000,8/21/2009,402000.0,DEED(GRANT DEED),0.3,False,FL
16-25136-000,9/15/2008,0.0,DEED(GRANT DEED),0.3,False,FL
16-25136-000,12/14/2005,7000.0,WD(WARRANTY DEED),0.3,False,FL
16-25136-000,9/7/1995,2000.0,WD(WARRANTY DEED),0.3,False,FL
16-25136-000,7/22/1991,2000.0,WD(WARRANTY DEED),0.3,False,FL
16-25136-000,3/14/1990,0.0,DC(DEATH CERTIFICATE),0.3,False,FL
16-25136-000,6/7/1978,6000.0,WD(WARRANTY DEED),0.3,False,FL
16-25137-000,10/6/2015,0.0,CERT(CERTIFICATE),0.27,False,MN
16-25137-000,9/15/2015,0.0,SWD(SPECIAL WARRANTY DEED),0.27,False,MN
16-25137-000,7/3/2006,114000.0,WD(WARRANTY DEED),0.27,False,MN
16-25137-000,6/13/2005,120000.0,CWD(CORPORATION WARRANTY DEED),0.27,False,MN
16-25137-000,6/18/2004,0.0,WD(WARRANTY DEED),0.27,False,MN
16-25137-000,9/19/1984,0.0,WD(WARRANTY DEED),0.27,False,MN
16-25138-000,10/26/2023,0.0,WD(WARRANTY DEED),0.29,False,
16-25138-000,10/26/2023,0.0,CERT(CERTIFICATE),0.29,False,
16-25138-000,12/13/2021,7050.0,SWD(SPECIAL WARRANTY DEED),0.29,False,
16-25138-000,9/28/2021,0.0,QCD(QUITCLAIM DEED),0.29,False,
16-25138-000,12/5/2008,0.0,RD(REDEMPTION DEED),0.29,False,
16-25138-000,1/13/2006,6000.0,WD(WARRANTY DEED),0.29,False,
16-25138-000,5/24/2005,0.0,QCD(QUITCLAIM DEED),0.29,False,
16-25138-000,9/3/2004,0.0,QCD(QUITCLAIM DEED),0.29,False,
16-25138-000,11/28/1995,0.0,QCD(QUITCLAIM DEED),0.29,False,
16-25138-000,1/10/1984,0.0,WD(WARRANTY DEED),0.29,False,
16-25139-000,10/26/2023,0.0,WD(WARRANTY DEED),0.28,False,
16-25139-000,10/26/2023,0.0,CERT(CERTIFICATE),0.28,False,
16-25139-000,12/13/2021,7050.0,SWD(SPECIAL WARRANTY DEED),0.28,False,
16-25139-000,10/22/2021,0.0,QCD(QUITCLAIM DEED),0.28,False,
16-25139-000,12/2/1983,5000.0,WD(WARRANTY DEED),0.28,False,
16-25140-000,12/22/2023,25000.0,WD(WARRANTY DEED),1.24,False,AR
16-25140-000,10/26/2023,0.0,CERT(CERTIFICATE),1.24,False,AR
16-25140-000,7/25/2020,0.0,OTHER(OTHER DOCUMENT),1.24,False,AR
16-25140-000,3/11/1986,5000.0,WD(WARRANTY DEED),1.24,False,AR
16-25140-000,12/10/1981,2000.0,COMMD(COMMISSIONERS DEED),1.24,False,AR
16-25141-000,4/11/2025,9500.0,WD(WARRANTY DEED),0.3,False,MB
16-25141-000,5/13/2005,2000.0,WD(WARRANTY DEED),0.3,False,MB
16-25141-000,4/9/2002,0.0,DC(DEATH CERTIFICATE),0.3,False,MB
16-25141-000,9/20/1995,1000.0,CWD(CORPORATION WARRANTY DEED),0.3,False,MB
16-25141-000,6/9/1995,0.0,RD(REDEMPTION DEED),0.3,False,MB
16-25141-000,5/25/1995,0.0,COMMD(COMMISSIONERS DEED),0.3,False,MB
16-25141-000,11/21/1983,6000.0,WD(WARRANTY DEED),0.3,False,MB
16-25142-000,4/22/2025,14500.0,WD(WARRANTY DEED),0.3,False,MB
16-25142-000,2/5/2008,0.0,QCD(QUITCLAIM DEED),0.3,False,MB
16-25142-000,8/23/2007,0.0,QCD(QUITCLAIM DEED),0.3,False,MB
16-25142-000,4/6/1999,0.0,QCD(QUITCLAIM DEED),0.3,False,MB
16-25142-000,3/17/1995,1000.0,WD(WARRANTY DEED),0.3,False,MB
16-25142-000,9/9/1994,1000.0,CWD(CORPORATION WARRANTY DEED),0.3,False,MB
16-25142-000,6/3/1993,525.0,COMMD(COMMISSIONERS DEED),0.3,False,MB
16-25142-000,11/11/1976,6000.0,WD(WARRANTY DEED),0.3,False,MB
16-25143-000,9/24/2009,0.0,RD(REDEMPTION DEED),0.29,False,AR
16-25143-000,9/14/1993,1000.0,WD(WARRANTY DEED),0.29,False,AR
16-25143-000,11/10/1992,1000.0,WD(WARRANTY DEED),0.29,False,AR
16-25143-000,11/9/1992,1000.0,WD(WARRANTY DEED),0.29,False,AR
16-25143-000,11/6/1992,1000.0,WD(WARRANTY DEED),0.29,False,AR
16-25143-000,6/19/1984,0.0,DC(DEATH CERTIFICATE),0.29,False,AR
16-25143-000,6/1/1982,0.0,CONT(CONTRACT),0.29,False,AR
16-25144-000,10/18/2021,287000.0,WD(WARRANTY DEED),0.3,True,AR
16-25144-000,10/16/2020,210000.0,SWD(SPECIAL WARRANTY DEED),0.3,True,AR
16-25144-000,8/27/2018,0.0,RD(REDEMPTION DEED),0.3,True,AR
16-25144-000,6/29/2018,2850.0,WD(WARRANTY DEED),0.3,True,AR
16-25144-000,12/17/2013,428333.0,WD(WARRANTY DEED),0.3,True,AR
16-25144-000,3/13/2013,1000.0,COMMD(COMMISSIONERS DEED),0.3,True,AR
16-25144-000,7/26/2012,0.0,RD(REDEMPTION DEED),0.3,True,AR
16-25144-000,3/9/2010,0.0,RD(REDEMPTION DEED),0.3,True,AR
16-25144-000,10/3/2006,0.0,RD(REDEMPTION DEED),0.3,True,AR
16-25144-000,12/2/1985,0.0,DC(DEATH CERTIFICATE),0.3,True,AR
16-25144-000,10/24/1983,8000.0,WD(WARRANTY DEED),0.3,True,AR
16-25145-000,10/15/2021,263000.0,WD(WARRANTY DEED),0.31,True,AR
16-25145-000,4/30/2019,178000.0,WD(WARRANTY DEED),0.31,True,AR
16-25145-000,8/17/2017,154000.0,WD(WARRANTY DEED),0.31,True,AR
16-25145-000,8/17/2017,0.0,CERT(CERTIFICATE),0.31,True,AR
16-25145-000,2/15/2011,0.0,OTHER(OTHER DOCUMENT),0.31,True,AR
16-25145-000,4/27/2006,149000.0,WD(WARRANTY DEED),0.31,True,AR
16-25145-000,10/3/2005,10000.0,WD(WARRANTY DEED),0.31,True,AR
16-25145-000,6/2/2004,1000.0,WD(WARRANTY DEED),0.31,True,AR
16-25145-000,6/2/2004,0.0,DC(DEATH CERTIFICATE),0.31,True,AR
16-25145-000,12/5/1983,7000.0,WD(WARRANTY DEED),0.31,True,AR
16-25146-000,4/1/2020,2000.0,COMMD(COMMISSIONERS DEED),0.29,False,AR
16-25146-000,1/23/2020,0.0,RD(REDEMPTION DEED),0.29,False,AR
16-25146-000,5/29/2015,1000.0,COMMD(COMMISSIONERS DEED),0.29,False,AR
16-25146-000,1/29/2015,0.0,RD(REDEMPTION DEED),0.29,False,AR
16-25146-000,6/6/2006,6000.0,WD(WARRANTY DEED),0.29,False,AR
16-25146-000,6/4/1991,2000.0,WD(WARRANTY DEED),0.29,False,AR
16-25146-000,9/11/1990,1500.0,WD(WARRANTY DEED),0.29,False,AR
16-25146-000,5/1/1982,0.0,DC(DEATH CERTIFICATE),0.29,False,AR
16-25146-000,6/20/1980,7000.0,WD(WARRANTY DEED),0.29,False,AR
16-25147-000,7/16/2014,0.0,DC(DEATH CERTIFICATE),0.3,False,AR
16-25147-000,11/23/1999,0.0,MEMO(MEMORANDUM),0.3,False,AR
16-25147-000,11/23/1999,0.0,WD(WARRANTY DEED),0.3,False,AR
16-25147-000,9/14/1987,2000.0,WD(WARRANTY DEED),0.3,False,AR
16-25147-000,6/6/1979,7000.0,WD(WARRANTY DEED),0.3,False,AR
16-25148-000,1/14/2019,0.0,QCD(QUITCLAIM DEED),0.28,True,CA
16-25148-000,9/26/2016,0.0,RD(REDEMPTION DEED),0.28,True,CA
16-25148-000,7/18/2012,0.0,RD(REDEMPTION DEED),0.28,True,CA
16-25148-000,2/27/2006,144000.0,WD(WARRANTY DEED),0.28,True,CA
16-25148-000,7/22/2005,4000.0,WD(WARRANTY DEED),0.28,True,CA
16-25148-000,2/4/1999,0.0,WD(WARRANTY DEED),0.28,True,CA
16-25148-000,5/4/1987,0.0,DC(DEATH CERTIFICATE),0.28,True,CA
16-25148-000,6/9/1983,7000.0,WD(WARRANTY DEED),0.28,True,CA
16-25149-000,1/17/2022,7000.0,SWD(SPECIAL WARRANTY DEED),0.28,False,NJ
16-25149-000,9/28/2021,0.0,QCD(QUITCLAIM DEED),0.28,False,NJ
16-25149-000,12/5/2008,0.0,RD(REDEMPTION DEED),0.28,False,NJ
16-25149-000,1/13/2006,6000.0,WD(WARRANTY DEED),0.28,False,NJ
16-25149-000,4/3/1996,1000.0,WD(WARRANTY DEED),0.28,False,NJ
16-25149-000,9/12/1986,7000.0,WD(WARRANTY DEED),0.28,False,NJ
16-25150-000,4/23/2010,158000.0,WD(WARRANTY DEED),0.28,True,AR
16-25150-000,9/18/2006,185000.0,WD(WARRANTY DEED),0.28,True,AR
16-25150-000,1/20/2006,0.0,QCD(QUITCLAIM DEED),0.28,True,AR
16-25150-000,1/20/2006,0.0,QCD(QUITCLAIM DEED),0.28,True,AR
16-25150-000,8/8/1997,1000.0,WD(WARRANTY DEED),0.28,True,AR
16-25150-000,7/15/1997,1000.0,CORRWD(CORRECTED WARRANTY DEED),0.28,True,AR
16-25150-000,6/27/1997,1000.0,WD(WARRANTY DEED),0.28,True,AR
16-25150-000,11/9/1983,0.0,WD(WARRANTY DEED),0.28,True,AR
16-25151-000,4/19/2010,6000.0,WD(WARRANTY DEED),0.27,False,AR
16-25151-000,10/21/2004,0.0,QCD(QUITCLAIM DEED),0.27,False,AR
16-25151-000,2/19/2002,4000.0,WD(WARRANTY DEED),0.27,False,AR
16-25151-000,9/3/1989,0.0,CONT(CONTRACT),0.27,False,AR
16-25151-000,10/14/1988,0.0,WD(WARRANTY DEED),0.27,False,AR
16-25151-000,3/22/1988,0.0,CONT(CONTRACT),0.27,False,AR
16-25152-000,9/27/2013,0.0,AFF(AFFIDAVIT),0.22,False,AR
16-25152-000,9/19/2013,7000.0,WD(WARRANTY DEED),0.22,False,AR
16-25152-000,11/21/1983,0.0,WD(WARRANTY DEED),0.22,False,AR
16-25153-000,10/3/2019,0.0,RD(REDEMPTION DEED),1.0,False,MO
16-25153-000,2/26/2016,0.0,QCD(QUITCLAIM DEED),1.0,False,MO
16-25153-000,7/17/2000,0.0,WD(WARRANTY DEED),1.0,False,MO
16-25153-000,2/13/1984,0.0,WD(WARRANTY DEED),1.0,False,MO
16-25154-000,9/20/2005,0.0,RD(REDEMPTION DEED),0.49,False,AR
16-25154-000,3/12/1999,1000.0,WD(WARRANTY DEED),0.49,False,AR
16-25154-000,8/6/1990,0.0,QCD(QUITCLAIM DEED),0.49,False,AR
16-25154-000,12/14/1987,0.0,DC(DEATH CERTIFICATE),0.49,False,AR
16-25154-000,1/8/1985,6000.0,WD(WARRANTY DEED),0.49,False,AR
16-25155-000,3/14/2022,0.0,AFF(AFFIDAVIT),1.03,False,AR
16-25155-000,2/14/2022,3500.0,WD(WARRANTY DEED),1.03,False,AR
16-25155-000,6/2/2021,1488.0,WD(WARRANTY DEED),1.03,False,AR
16-25155-000,1/31/2017,0.0,WD(WARRANTY DEED),1.03,False,AR
16-25155-000,10/25/1993,0.0,WD(WARRANTY DEED),1.03,False,AR
16-25155-000,9/15/1983,7000.0,WD(WARRANTY DEED),1.03,False,AR
16-25156-000,5/22/2015,0.0,OTHER(OTHER DOCUMENT),0.31,False,CO
16-25156-000,5/20/2014,0.0,QCD(QUITCLAIM DEED),0.31,False,CO
16-25156-000,10/15/2010,0.0,DC(DEATH CERTIFICATE),0.31,False,CO
16-25156-000,2/20/2007,0.0,AFF(AFFIDAVIT),0.31,False,CO
16-25156-000,1/8/2007,0.0,WD(WARRANTY DEED),0.31,False,CO
16-25156-000,4/27/1995,0.0,DC(DEATH CERTIFICATE),0.31,False,CO
16-25156-000,12/31/1984,6000.0,WD(WARRANTY DEED),0.31,False,CO
16-25157-000,8/8/2023,7500.0,WD(WARRANTY DEED),0.42,False,AR
16-25157-000,7/30/2010,0.0,WD(WARRANTY DEED),0.42,False,AR
16-25157-000,4/28/2010,0.0,WD(WARRANTY DEED),0.42,False,AR
16-25157-000,3/3/2010,0.0,SWD(SPECIAL WARRANTY DEED),0.42,False,AR
16-25157-000,5/13/2009,0.0,COMMD(COMMISSIONERS DEED),0.42,False,AR
16-25157-000,3/6/2006,0.0,CORRWD(CORRECTED WARRANTY DEED),0.42,False,AR
16-25157-000,2/16/2006,203000.0,WD(WARRANTY DEED),0.42,False,AR
16-25157-000,10/26/2005,4000.0,WD(WARRANTY DEED),0.42,False,AR
16-25157-000,10/8/1993,0.0,RD(REDEMPTION DEED),0.42,False,AR
16-25157-000,2/9/1989,7000.0,WD(WARRANTY DEED),0.42,False,AR
16-25157-000,1/20/1986,0.0,COMMD(COMMISSIONERS DEED),0.42,False,AR
16-25157-000,4/15/1985,6000.0,WD(WARRANTY DEED),0.42,False,AR
16-25158-000,11/3/2023,9500.0,WD(WARRANTY DEED),0.33,False,AR
16-25158-000,5/24/2005,0.0,QCD(QUITCLAIM DEED),0.33,False,AR
16-25158-000,6/15/2000,1000.0,QCD(QUITCLAIM DEED),0.33,False,AR
16-25158-000,9/7/1982,7000.0,WD(WARRANTY DEED),0.33,False,AR
16-25159-000,6/29/2023,8000.0,WD(WARRANTY DEED),0.33,False,AR
16-25159-000,5/13/2022,210000.0,WD(WARRANTY DEED),0.33,False,AR
16-25159-000,11/19/2018,10000.0,SWD(SPECIAL WARRANTY DEED),0.33,False,AR
16-25159-000,10/30/2018,0.0,LWD(LIMITED WARRANTY DEED),0.33,False,AR
16-25159-000,11/13/2012,46000.0,WD(WARRANTY DEED),0.33,False,AR
16-25159-000,11/8/2012,39000.0,WD(WARRANTY DEED),0.33,False,AR
16-25159-000,11/8/2012,39000.0,WD(WARRANTY DEED),0.33,False,AR
16-25159-000,10/11/2012,0.0,LWD(LIMITED WARRANTY DEED),0.33,False,AR
16-25159-000,8/20/1996,0.0,WD(WARRANTY DEED),0.33,False,AR
16-25159-000,8/16/1996,0.0,WD(WARRANTY DEED),0.33,False,AR
16-25159-000,5/24/1996,1000.0,WD(WARRANTY DEED),0.33,False,AR
16-25159-000,5/6/1996,0.0,RD(REDEMPTION DEED),0.33,False,AR
16-25159-000,4/18/1996,1000.0,COMMD(COMMISSIONERS DEED),0.33,False,AR
16-25159-000,10/14/1991,0.0,QCD(QUITCLAIM DEED),0.33,False,AR
16-25159-000,5/31/1991,1000.0,WD(WARRANTY DEED),0.33,False,AR
16-25160-000,5/18/2020,0.0,QCD(QUITCLAIM DEED),0.3,False,AR
16-25160-000,4/28/1999,0.0,QCD(QUITCLAIM DEED),0.3,False,AR
16-25160-000,3/21/1997,0.0,QCD(QUITCLAIM DEED),0.3,False,AR
16-25160-000,5/19/1993,0.0,WD(WARRANTY DEED),0.3,False,AR
16-25160-000,4/5/1993,0.0,RD(REDEMPTION DEED),0.3,False,AR
16-25160-000,3/5/1993,1000.0,COMMD(COMMISSIONERS DEED),0.3,False,AR
16-25160-000,11/12/1981,6000.0,WD(WARRANTY DEED),0.3,False,AR
16-25161-000,2/25/2025,1151076.0,CWD(CORPORATION WARRANTY DEED),1.15,False,AR
16-25161-000,3/29/2021,24000.0,TRWD(TRUSTEES WARRANTY DEED),1.15,False,AR
16-25161-000,6/18/2001,1000.0,WD(WARRANTY DEED),1.15,False,AR
16-25161-000,6/18/2001,0.0,MEMO(MEMORANDUM),1.15,False,AR
16-25161-000,2/10/1992,0.0,WD(WARRANTY DEED),1.15,False,AR
16-25161-000,6/11/1989,0.0,DC(DEATH CERTIFICATE),1.15,False,AR
16-25161-000,3/25/1988,8000.0,WD(WARRANTY DEED),1.15,False,AR
16-25161-000,9/11/1983,8000.0,HIST(HISTORICAL),1.15,False,AR
16-25162-000,9/7/2021,5000.0,COMMD(COMMISSIONERS DEED),0.28,False,AR
16-25162-000,3/16/2021,0.0,RD(REDEMPTION DEED),0.28,False,AR
16-25162-000,10/6/2004,0.0,AFF(AFFIDAVIT),0.28,False,AR
16-25162-000,8/22/1995,0.0,QCD(QUITCLAIM DEED),0.28,False,AR
16-25163-000,11/17/2015,0.0,SWD(SPECIAL WARRANTY DEED),0.32,False,IL
16-25163-000,12/22/2014,0.0,SWD(SPECIAL WARRANTY DEED),0.32,False,IL
16-25163-000,7/9/2004,0.0,WD(WARRANTY DEED),0.32,False,IL
16-25163-000,12/27/1983,7000.0,WD(WARRANTY DEED),0.32,False,IL
16-25164-000,2/28/2023,2000.0,WD(WARRANTY DEED),0.39,False,AR
16-25164-000,10/28/2021,0.0,RD(REDEMPTION DEED),0.39,False,AR
16-25164-000,10/28/2021,0.0,RD(REDEMPTION DEED),0.39,False,AR
16-25164-000,10/19/2017,0.0,RD(REDEMPTION DEED),0.39,False,AR
16-25164-000,2/28/2017,0.0,WD(WARRANTY DEED),0.39,False,AR
16-25164-000,2/15/2017,0.0,WD(WARRANTY DEED),0.39,False,AR
16-25164-000,2/10/2017,0.0,WD(WARRANTY DEED),0.39,False,AR
16-25164-000,10/24/2016,0.0,WD(WARRANTY DEED),0.39,False,AR
16-25164-000,6/27/2016,0.0,WD(WARRANTY DEED),0.39,False,AR
16-25164-000,7/3/2014,0.0,LWD(LIMITED WARRANTY DEED),0.39,False,AR
16-25164-000,2/14/2006,0.0,QCD(QUITCLAIM DEED),0.39,False,AR
16-25164-000,8/21/2001,1000.0,WD(WARRANTY DEED),0.39,False,AR
16-25164-000,6/13/2001,0.0,WD(WARRANTY DEED),0.39,False,AR
16-25164-000,8/10/1990,4000.0,WD(WARRANTY DEED),0.39,False,AR
16-25165-000,7/9/2020,1000.0,QCD(QUITCLAIM DEED),0.55,False,AR
16-25165-000,3/4/2020,0.0,LWD(LIMITED WARRANTY DEED),0.55,False,AR
16-25165-000,2/4/2013,98000.0,WD(WARRANTY DEED),0.55,False,AR
16-25165-000,2/4/2013,9000.0,WD(WARRANTY DEED),0.55,False,AR
16-25165-000,12/19/2012,1000.0,SWD(SPECIAL WARRANTY DEED),0.55,False,AR
16-25165-000,11/21/2011,0.0,COMMD(COMMISSIONERS DEED),0.55,False,AR
16-25165-000,6/19/2006,9000.0,WD(WARRANTY DEED),0.55,False,AR
16-25165-000,9/6/1988,1000.0,QCD(QUITCLAIM DEED),0.55,False,AR
16-25165-000,4/24/1987,0.0,ADMN(ADMINISTRATORS DEED),0.55,False,AR
16-25165-000,8/1/1980,0.0,WD(WARRANTY DEED),0.55,False,AR
16-25166-000,4/11/2025,455000.0,WD(WARRANTY DEED),0.31,True,AR
16-25166-000,6/27/2024,449000.0,WD(WARRANTY DEED),0.31,True,AR
16-25166-000,3/15/2023,5788.0,WD(WARRANTY DEED),0.31,True,AR
16-25166-000,2/17/2022,4000.0,WD(WARRANTY DEED),0.31,True,AR
16-25166-000,4/26/2001,0.0,RD(REDEMPTION DEED),0.31,True,AR
16-25166-000,7/13/1993,0.0,OR(ORDER),0.31,True,AR
16-25166-000,3/3/1982,0.0,DC(DEATH CERTIFICATE),0.31,True,AR
16-25166-000,4/20/1976,7000.0,WD(WARRANTY DEED),0.31,True,AR
16-25167-000,6/22/2018,153000.0,WD(WARRANTY DEED),0.3,True,AR
16-25167-000,6/18/2018,0.0,OR(ORDER),0.3,True,AR
16-25167-000,10/31/2016,3000.0,QCD(QUITCLAIM DEED),0.3,True,AR
16-25167-000,5/16/2008,15000.0,WD(WARRANTY DEED),0.3,True,AR
16-25167-000,12/15/2004,0.0,WD(WARRANTY DEED),0.3,True,AR
16-25167-000,12/14/2004,0.0,CORRWD(CORRECTED WARRANTY DEED),0.3,True,AR
16-25167-000,9/28/2004,16000.0,WD(WARRANTY DEED),0.3,True,AR
16-25167-000,7/8/2004,0.0,WD(WARRANTY DEED),0.3,True,AR
16-25167-000,9/19/2000,0.0,COMMD(COMMISSIONERS DEED),0.3,True,AR
16-25167-000,9/19/2000,0.0,COMMD(COMMISSIONERS DEED),0.3,True,AR
16-25167-000,10/14/1992,0.0,WD(WARRANTY DEED),0.3,True,AR
16-25167-000,2/9/1989,7800.0,WD(WARRANTY DEED),0.3,True,AR
16-25167-000,9/23/1985,0.0,WD(WARRANTY DEED),0.3,True,AR
16-25168-000,7/16/2024,12000.0,WD(WARRANTY DEED),0.3,False,AR
16-25168-000,3/19/2021,4000.0,WD(WARRANTY DEED),0.3,False,AR
16-25168-000,3/12/2019,850.0,SWD(SPECIAL WARRANTY DEED),0.3,False,AR
16-25168-000,12/11/2018,0.0,LWD(LIMITED WARRANTY DEED),0.3,False,AR
16-25168-000,9/14/2011,0.0,QCD(QUITCLAIM DEED),0.3,False,AR
16-25168-000,9/23/2010,0.0,DC(DEATH CERTIFICATE),0.3,False,AR
16-25168-000,7/17/2006,0.0,CERT(CERTIFICATE),0.3,False,AR
16-25168-000,2/18/2003,0.0,QCD(QUITCLAIM DEED),0.3,False,AR
16-25168-000,6/13/1995,0.0,WD(WARRANTY DEED),0.3,False,AR
16-25168-000,6/13/1995,0.0,TRAG(TRUST AGREEMENT),0.3,False,AR
16-25168-000,1/4/1992,0.0,DC(DEATH CERTIFICATE),0.3,False,AR
16-25168-000,8/8/1988,1500.0,WD(WARRANTY DEED),0.3,False,AR
16-25168-000,4/23/1985,1600.0,COMMD(COMMISSIONERS DEED),0.3,False,AR
16-25168-000,12/15/1983,6000.0,WD(WARRANTY DEED),0.3,False,AR
16-25169-000,11/15/2019,165000.0,WD(WARRANTY DEED),0.28,False,AR
16-25169-000,10/24/2019,0.0,CORRQC(CORRECTED QUIT CLAIM DEED),0.28,False,AR
16-25169-000,5/25/2005,2000.0,QCD(QUITCLAIM DEED),0.28,False,AR
16-25169-000,7/9/2004,1000.0,QCD(QUITCLAIM DEED),0.28,False,AR
16-25169-000,8/9/2001,1000.0,QCD(QUITCLAIM DEED),0.28,False,AR
16-25169-000,8/9/2001,0.0,QCD(QUITCLAIM DEED),0.28,False,AR
16-25169-000,2/25/1999,0.0,DC(DEATH CERTIFICATE),0.28,False,AR
16-25169-000,9/10/1981,0.0,CONT(CONTRACT),0.28,False,AR
16-25169-000,9/6/1981,8000.0,WD(WARRANTY DEED),0.28,False,AR
16-25169-000,11/28/1980,8000.0,WD(WARRANTY DEED),0.28,False,AR
16-25170-000,11/15/2019,165000.0,WD(WARRANTY DEED),0.34,True,AR
16-25170-000,5/16/2001,88000.0,WD(WARRANTY DEED),0.34,True,AR
16-25170-000,12/28/1983,9000.0,WD(WARRANTY DEED),0.34,True,AR
16-25170-000,10/8/1983,11000.0,WD(WARRANTY DEED),0.34,True,AR
16-25171-000,8/31/2022,625000.0,WD(WARRANTY DEED),0.77,True,AR
16-25171-000,3/23/2017,375000.0,WD(WARRANTY DEED),0.77,True,AR
16-25171-000,3/21/2017,0.0,QCD(QUITCLAIM DEED),0.77,True,AR
16-25171-000,2/10/2017,0.0,QCD(QUITCLAIM DEED),0.77,True,AR
16-25171-000,9/30/2015,350000.0,WD(WARRANTY DEED),0.77,True,AR
16-25171-000,11/7/2014,13000.0,WD(WARRANTY DEED),0.77,True,AR
16-25171-000,8/28/2009,1451000.0,QCD(QUITCLAIM DEED),0.77,True,AR
16-25171-000,8/21/2009,402000.0,DEED(GRANT DEED),0.77,True,AR
16-25171-000,9/15/2008,0.0,DEED(GRANT DEED),0.77,True,AR
16-25171-000,9/7/2005,59000.0,WD(WARRANTY DEED),0.77,True,AR
16-25171-000,2/9/2005,10000.0,WD(WARRANTY DEED),0.77,True,AR
16-25171-000,10/9/1996,4000.0,WD(WARRANTY DEED),0.77,True,AR
16-25171-000,9/8/1981,0.0,CONT(CONTRACT),0.77,True,AR
16-25172-000,8/5/2018,0.0,QCD(QUITCLAIM DEED),2.87,True,AR
16-25172-000,3/24/2017,0.0,CERT(CERTIFICATE),2.87,True,AR
16-25172-000,3/24/2017,0.0,WD(WARRANTY DEED),2.87,True,AR
16-25172-000,8/3/1999,0.0,WD(WARRANTY DEED),2.87,True,AR
16-25172-000,7/20/1999,0.0,CERT(CERTIFICATE),2.87,True,AR
16-25172-000,3/2/1994,0.0,CORRWD(CORRECTED WARRANTY DEED),2.87,True,AR
16-25172-000,3/2/1994,0.0,CORRWD(CORRECTED WARRANTY DEED),2.87,True,AR
16-25172-000,12/22/1993,0.0,WD(WARRANTY DEED),2.87,True,AR
16-25172-000,12/22/1993,0.0,WD(WARRANTY DEED),2.87,True,AR
16-25172-000,9/14/1988,155000.0,WD(WARRANTY DEED),2.87,True,AR
16-25172-000,5/15/1986,28000.0,WD(WARRANTY DEED),2.87,True,AR
16-25172-000,9/10/1985,0.0,POA(POWER OF ATTORNEY),2.87,True,AR
16-25172-000,2/1/1982,0.0,WD(WARRANTY DEED),2.87,True,AR
16-25172-000,10/14/1981,26000.0,WD(WARRANTY DEED),2.87,True,AR
16-25173-000,8/11/2016,0.0,WD(WARRANTY DEED),0.47,False,AR
16-25173-000,2/24/2015,0.0,CERT(CERTIFICATE),0.47,False,AR
16-25173-000,9/12/2006,0.0,QCD(QUITCLAIM DEED),0.47,False,AR
16-25173-000,9/12/1997,3000.0,WD(WARRANTY DEED),0.47,False,AR
16-25173-000,4/19/1996,1000.0,WD(WARRANTY DEED),0.47,False,AR
16-25173-000,9/11/1995,0.0,RD(REDEMPTION DEED),0.47,False,AR
16-25173-000,8/30/1995,0.0,WD(WARRANTY DEED),0.47,False,AR
16-25173-000,8/2/1990,11000.0,WD(WARRANTY DEED),0.47,False,AR
16-25173-000,6/11/1977,10000.0,WD(WARRANTY DEED),0.47,False,AR
16-25174-000,3/9/2023,0.0,QCD(QUITCLAIM DEED),0.25,False,AR
16-25174-000,11/16/2022,0.0,OR(ORDER),0.25,False,AR
16-25174-000,12/6/2021,0.0,QCD(QUITCLAIM DEED),0.25,False,AR
16-25174-000,11/25/2020,0.0,DEC(DECREE),0.25,False,AR
16-25174-000,2/27/2018,1000.0,QCD(QUITCLAIM DEED),0.25,False,AR
16-25174-000,11/5/2016,220.0,WD(WARRANTY DEED),0.25,False,AR
16-25174-000,2/9/2013,18000.0,QCD(QUITCLAIM DEED),0.25,False,AR
16-25174-000,8/29/2012,0.0,RD(REDEMPTION DEED),0.25,False,AR
16-25174-000,4/6/2005,1000.0,WD(WARRANTY DEED),0.25,False,AR
16-25174-000,5/22/1991,0.0,CONT(CONTRACT),0.25,False,AR
16-25174-000,8/17/1988,0.0,CONT(CONTRACT),0.25,False,AR
16-25174-000,6/3/1977,8000.0,WD(WARRANTY DEED),0.25,False,AR
16-25175-000,1/5/1998,1000.0,WD(WARRANTY DEED),0.28,False,MN
16-25175-000,12/9/1993,0.0,DC(DEATH CERTIFICATE),0.28,False,MN
16-25175-000,12/9/1993,0.0,HIST(HISTORICAL),0.28,False,MN
16-25175-000,2/8/1984,0.0,WD(WARRANTY DEED),0.28,False,MN
16-25176-000,4/1/2024,0.0,QCD(QUITCLAIM DEED),0.29,False,AR
16-25176-000,12/19/2007,0.0,ML(MARRIAGE LICENSE),0.29,False,AR
16-25176-000,6/30/2006,4667.0,WD(WARRANTY DEED),0.29,False,AR
16-25176-000,6/10/2005,5000.0,WD(WARRANTY DEED),0.29,False,AR
16-25177-000,12/7/2018,171000.0,SWD(SPECIAL WARRANTY DEED),0.28,True,AR
16-25177-000,5/3/2018,5000.0,TRWD(TRUSTEES WARRANTY DEED),0.28,True,AR
16-25177-000,2/24/2015,0.0,CERT(CERTIFICATE),0.28,True,AR
16-25177-000,12/28/2009,0.0,RD(REDEMPTION DEED),0.28,True,AR
16-25177-000,7/20/1999,0.0,WD(WARRANTY DEED),0.28,True,AR
16-25177-000,11/12/1997,667.0,WD(WARRANTY DEED),0.28,True,AR
16-25177-000,10/30/1997,0.0,RD(REDEMPTION DEED),0.28,True,AR
16-25177-000,11/11/1976,7000.0,WD(WARRANTY DEED),0.28,True,AR
16-25178-000,4/23/2024,0.0,WD(WARRANTY DEED),0.28,True,AR
16-25178-000,4/23/2024,0.0,CERT(CERTIFICATE),0.28,True,AR
16-25178-000,6/28/2022,356000.0,WD(WARRANTY DEED),0.28,True,AR
16-25178-000,11/5/2021,0.0,QCD(QUITCLAIM DEED),0.28,True,AR
16-25178-000,6/11/2018,0.0,CORRWD(CORRECTED WARRANTY DEED),0.28,True,AR
16-25178-000,6/11/2018,230000.0,WD(WARRANTY DEED),0.28,True,AR
16-25178-000,7/20/2012,0.0,QCD(QUITCLAIM DEED),0.28,True,AR
16-25178-000,10/3/2008,193000.0,WD(WARRANTY DEED),0.28,True,AR
16-25178-000,9/18/2006,14000.0,WD(WARRANTY DEED),0.28,True,AR
16-25178-000,5/24/2005,4000.0,WD(WARRANTY DEED),0.28,True,AR
16-25178-000,5/28/1999,1000.0,WD(WARRANTY DEED),0.28,True,AR
16-25178-000,12/30/1996,1000.0,WD(WARRANTY DEED),0.28,True,AR
16-25178-000,12/30/1996,1000.0,WD(WARRANTY DEED),0.28,True,AR
16-25178-000,6/21/1983,0.0,WD(WARRANTY DEED),0.28,True,AR
16-25179-000,11/9/2016,1000.0,SWD(SPECIAL WARRANTY DEED),0.31,False,AR
16-25179-000,7/21/2014,0.0,COMMD(COMMISSIONERS DEED),0.31,False,AR
16-25179-000,5/7/2014,0.0,RD(REDEMPTION DEED),0.31,False,AR
16-25179-000,8/16/2011,0.0,RD(REDEMPTION DEED),0.31,False,AR
16-25179-000,7/21/2006,0.0,QCD(QUITCLAIM DEED),0.31,False,AR
16-25179-000,3/6/2006,0.0,QCD(QUITCLAIM DEED),0.31,False,AR
16-25179-000,10/7/2004,3000.0,WD(WARRANTY DEED),0.31,False,AR
16-25179-000,9/10/1985,2250.0,CONT(CONTRACT),0.31,False,AR
16-25179-000,5/1/1980,0.0,QCD(QUITCLAIM DEED),0.31,False,AR
16-25179-000,10/12/1976,7000.0,WD(WARRANTY DEED),0.31,False,AR
16-25180-000,11/9/2016,1000.0,SWD(SPECIAL WARRANTY DEED),0.31,False,AR
16-25180-000,7/21/2014,0.0,COMMD(COMMISSIONERS DEED),0.31,False,AR
16-25180-000,5/30/2013,0.0,RD(REDEMPTION DEED),0.31,False,AR
16-25180-000,7/21/2006,0.0,QCD(QUITCLAIM DEED),0.31,False,AR
16-25180-000,3/6/2006,0.0,QCD(QUITCLAIM DEED),0.31,False,AR
16-25180-000,7/14/2004,5000.0,WD(WARRANTY DEED),0.31,False,AR
16-25180-000,7/10/2002,10000.0,WD(WARRANTY DEED),0.31,False,AR
16-25180-000,8/16/1990,0.0,CONT(CONTRACT),0.31,False,AR
16-25180-000,10/21/1988,0.0,WD(WARRANTY DEED),0.31,False,AR
16-25180-000,2/8/1983,0.0,WD(WARRANTY DEED),0.31,False,AR
16-25181-000,10/7/2024,0.0,QCD(QUITCLAIM DEED),0.31,False,AR
16-25181-000,3/15/2010,0.0,RD(REDEMPTION DEED),0.31,False,AR
16-25181-000,5/30/2000,0.0,RD(REDEMPTION DEED),0.31,False,AR
16-25181-000,5/3/2000,1000.0,COMMD(COMMISSIONERS DEED),0.31,False,AR
16-25181-000,11/14/1995,0.0,HIST(HISTORICAL),0.31,False,AR
16-25181-000,6/23/1992,1000.0,WD(WARRANTY DEED),0.31,False,AR
16-25181-000,3/16/1992,1000.0,WD(WARRANTY DEED),0.31,False,AR
16-25181-000,2/15/1992,0.0,DC(DEATH CERTIFICATE),0.31,False,AR
16-25181-000,10/15/1985,5000.0,WD(WARRANTY DEED),0.31,False,AR
16-25182-000,7/21/2020,1100.0,WD(WARRANTY DEED),0.29,False,AR
16-25182-000,5/5/2020,0.0,ADMN(ADMINISTRATORS DEED),0.29,False,AR
16-25182-000,1/22/2020,0.0,AFF(AFFIDAVIT),0.29,False,AR
16-25182-000,1/17/2020,0.0,OTHER(OTHER DOCUMENT),0.29,False,AR
16-25182-000,1/27/2006,6000.0,WD(WARRANTY DEED),0.29,False,AR
16-25182-000,6/27/2001,1000.0,WD(WARRANTY DEED),0.29,False,AR
16-25182-000,2/8/2001,1000.0,QCD(QUITCLAIM DEED),0.29,False,AR
16-25182-000,9/14/1999,1000.0,WD(WARRANTY DEED),0.29,False,AR
16-25182-000,8/5/1994,1000.0,WD(WARRANTY DEED),0.29,False,AR
16-25182-000,8/2/1994,1000.0,CWD(CORPORATION WARRANTY DEED),0.29,False,AR
16-25182-000,12/16/1983,6000.0,WD(WARRANTY DEED),0.29,False,AR
16-25183-000,4/8/2004,0.0,CORRWD(CORRECTED WARRANTY DEED),0.28,False,MO
16-25183-000,12/4/2003,0.0,WD(WARRANTY DEED),0.28,False,MO
16-25183-000,9/28/1990,0.0,QCD(QUITCLAIM DEED),0.28,False,MO
16-25183-000,1/31/1984,6000.0,WD(WARRANTY DEED),0.28,False,MO
16-25183-000,1/1/1800,0.0,DC(DEATH CERTIFICATE),0.28,False,MO
16-25184-000,11/3/2022,0.0,BD(BENEFICIARY DEED),0.29,False,MO
16-25184-000,11/3/2022,0.0,QCD(QUITCLAIM DEED),0.29,False,MO
16-25184-000,3/1/2004,0.0,RD(REDEMPTION DEED),0.29,False,MO
16-25184-000,1/31/1984,0.0,WD(WARRANTY DEED),0.29,False,MO
16-25184-000,1/1/1800,0.0,ML(MARRIAGE LICENSE),0.29,False,MO
16-25185-000,6/17/2022,0.0,BD(BENEFICIARY DEED),0.27,False,MO
16-25185-000,6/1/2022,0.0,BD(BENEFICIARY DEED),0.27,False,MO
16-25185-000,6/1/2022,0.0,QCD(QUITCLAIM DEED),0.27,False,MO
16-25186-000,6/16/2020,1000.0,SWD(SPECIAL WARRANTY DEED),0.28,False,AR
16-25186-000,3/15/2020,0.0,QCD(QUITCLAIM DEED),0.28,False,AR
16-25186-000,12/26/2008,15000.0,WD(WARRANTY DEED),0.28,False,AR
16-25186-000,12/6/2005,8000.0,WD(WARRANTY DEED),0.28,False,AR
16-25186-000,9/27/2005,0.0,QCD(QUITCLAIM DEED),0.28,False,AR
16-25186-000,10/21/1983,7000.0,WD(WARRANTY DEED),0.28,False,AR
16-25187-000,5/20/2020,1200.0,SWD(SPECIAL WARRANTY DEED),0.27,False,AR
16-25187-000,2/14/2020,0.0,QCD(QUITCLAIM DEED),0.27,False,AR
16-25187-000,11/26/2008,15000.0,WD(WARRANTY DEED),0.27,False,AR
16-25187-000,11/10/2005,8000.0,WD(WARRANTY DEED),0.27,False,AR
16-25187-000,5/5/1997,0.0,WD(WARRANTY DEED),0.27,False,AR
16-25187-000,7/12/1983,7000.0,WD(WARRANTY DEED),0.27,False,AR
16-25188-000,5/13/2021,3000.0,COMMD(COMMISSIONERS DEED),0.32,False,TX
16-25188-000,2/3/2021,0.0,RD(REDEMPTION DEED),0.32,False,TX
16-25188-000,8/28/2009,1451000.0,QCD(QUITCLAIM DEED),0.32,False,TX
16-25188-000,8/21/2009,402000.0,DEED(GRANT DEED),0.32,False,TX
16-25188-000,9/15/2008,0.0,DEED(GRANT DEED),0.32,False,TX
16-25188-000,12/27/2005,11000.0,WD(WARRANTY DEED),0.32,False,TX
16-25188-000,9/5/1985,7500.0,WD(WARRANTY DEED),0.32,False,TX
16-25188-000,12/3/1984,2250.0,COMMD(COMMISSIONERS DEED),0.32,False,TX
16-25189-000,3/14/2025,0.0,WD(WARRANTY DEED),0.36,False,AR
16-25189-000,5/6/2024,502000.0,TRWD(TRUSTEES WARRANTY DEED),0.36,False,AR
16-25189-000,7/13/2023,0.0,SWD(SPECIAL WARRANTY DEED),0.36,False,AR
16-25189-000,7/13/2023,0.0,CERT(CERTIFICATE),0.36,False,AR
16-25189-000,7/13/2023,0.0,TRD(TRUSTEES DEED),0.36,False,AR
16-25189-000,7/13/2023,0.0,CERT(CERTIFICATE),0.36,False,AR
16-25189-000,8/27/2021,0.0,DC(DEATH CERTIFICATE),0.36,False,AR
16-25189-000,5/27/2015,0.0,QCD(QUITCLAIM DEED),0.36,False,AR
16-25189-000,5/16/2014,260000.0,WD(WARRANTY DEED),0.36,False,AR
16-25189-000,9/17/2010,0.0,SWD(SPECIAL WARRANTY DEED),0.36,False,AR
16-25189-000,7/8/2009,0.0,SWD(SPECIAL WARRANTY DEED),0.36,False,AR
16-25189-000,7/6/2009,0.0,DEED(GRANT DEED),0.36,False,AR
16-25189-000,12/15/2006,290000.0,WD(WARRANTY DEED),0.36,False,AR
16-25189-000,5/18/2004,2000.0,WD(WARRANTY DEED),0.36,False,AR
16-25189-000,6/19/2000,0.0,RD(REDEMPTION DEED),0.36,False,AR
16-25189-000,9/1/1994,1000.0,WD(WARRANTY DEED),0.36,False,AR
16-25189-000,5/10/1994,0.0,DC(DEATH CERTIFICATE),0.36,False,AR
16-25189-000,10/12/1976,6000.0,WD(WARRANTY DEED),0.36,False,AR
16-25190-000,3/14/2025,0.0,WD(WARRANTY DEED),0.33,True,AR
16-25190-000,5/6/2024,502000.0,TRWD(TRUSTEES WARRANTY DEED),0.33,True,AR
16-25190-000,7/13/2023,0.0,SWD(SPECIAL WARRANTY DEED),0.33,True,AR
16-25190-000,7/13/2023,0.0,CERT(CERTIFICATE),0.33,True,AR
16-25190-000,7/13/2023,0.0,TRD(TRUSTEES DEED),0.33,True,AR
16-25190-000,7/13/2023,0.0,CERT(CERTIFICATE),0.33,True,AR
16-25190-000,8/27/2021,0.0,DC(DEATH CERTIFICATE),0.33,True,AR
16-25190-000,5/27/2015,0.0,QCD(QUITCLAIM DEED),0.33,True,AR
16-25190-000,5/16/2014,260000.0,WD(WARRANTY DEED),0.33,True,AR
16-25190-000,9/17/2010,0.0,SWD(SPECIAL WARRANTY DEED),0.33,True,AR
16-25190-000,7/8/2009,0.0,SWD(SPECIAL WARRANTY DEED),0.33,True,AR
16-25190-000,7/6/2009,0.0,DEED(GRANT DEED),0.33,True,AR
16-25190-000,12/15/2006,290000.0,WD(WARRANTY DEED),0.33,True,AR
16-25190-000,6/15/2004,3000.0,WD(WARRANTY DEED),0.33,True,AR
16-25190-000,6/15/2004,0.0,DC(DEATH CERTIFICATE),0.33,True,AR
16-25190-000,6/25/1990,0.0,DC(DEATH CERTIFICATE),0.33,True,AR
16-25190-000,1/11/1985,0.0,WD(WARRANTY DEED),0.33,True,AR
16-25191-000,4/21/2022,0.0,RD(REDEMPTION DEED),0.36,False,FL
16-25191-000,6/23/2021,0.0,QCD(QUITCLAIM DEED),0.36,False,FL
16-25191-000,1/29/2018,1000.0,QCD(QUITCLAIM DEED),0.36,False,FL
16-25191-000,10/11/2017,0.0,LWD(LIMITED WARRANTY DEED),0.36,False,FL
16-25191-000,4/12/2005,1000.0,WD(WARRANTY DEED),0.36,False,FL
16-25191-000,3/14/2005,1000.0,WD(WARRANTY DEED),0.36,False,FL
16-25191-000,4/23/1996,0.0,WD(WARRANTY DEED),0.36,False,FL
16-25191-000,2/10/1993,0.0,RD(REDEMPTION DEED),0.36,False,FL
16-25191-000,12/5/1992,0.0,COMMD(COMMISSIONERS DEED),0.36,False,FL
16-25192-000,1/18/2024,0.0,QCD(QUITCLAIM DEED),0.24,False,AR
16-25192-000,12/21/2023,0.0,WD(WARRANTY DEED),0.24,False,AR
16-25192-000,2/28/2020,0.0,QCD(QUITCLAIM DEED),0.24,False,AR
16-25192-000,9/23/2015,0.0,WD(WARRANTY DEED),0.24,False,AR
16-25192-000,8/26/2015,0.0,DC(DEATH CERTIFICATE),0.24,False,AR
16-25192-000,3/27/1995,1000.0,CWD(CORPORATION WARRANTY DEED),0.24,False,AR
16-25192-000,10/27/1994,0.0,EXD(EXECUTOR-EXECUTRIX DEED),0.24,False,AR
16-25192-000,10/23/1979,7000.0,WD(WARRANTY DEED),0.24,False,AR
16-25193-000,5/7/2021,50000.0,WD(WARRANTY DEED),0.24,False,AR
16-25193-000,9/15/2014,3500.0,WD(WARRANTY DEED),0.24,False,AR
16-25193-000,5/15/2006,0.0,DC(DEATH CERTIFICATE),0.24,False,AR
16-25193-000,9/22/1992,1000.0,WD(WARRANTY DEED),0.24,False,AR
16-25193-000,9/22/1992,1000.0,WD(WARRANTY DEED),0.24,False,AR
16-25193-000,1/1/1800,0.0,LTR(LETTER),0.24,False,AR
16-25194-000,5/7/2021,50000.0,WD(WARRANTY DEED),0.25,False,AR
16-25194-000,9/11/2014,4000.0,WD(WARRANTY DEED),0.25,False,AR
16-25194-000,8/29/2008,150000.0,WD(WARRANTY DEED),0.25,False,AR
16-25194-000,9/20/2005,32000.0,WD(WARRANTY DEED),0.25,False,AR
16-25194-000,8/12/2005,2000.0,WD(WARRANTY DEED),0.25,False,AR
16-25194-000,8/18/1993,4500.0,WD(WARRANTY DEED),0.25,False,AR
16-25194-000,10/12/1992,11900.0,WD(WARRANTY DEED),0.25,False,AR
16-25194-000,6/28/1984,0.0,WD(WARRANTY DEED),0.25,False,AR
16-25195-000,5/7/2021,50000.0,WD(WARRANTY DEED),0.27,False,AR
16-25195-000,9/3/2014,2500.0,WD(WARRANTY DEED),0.27,False,AR
16-25195-000,9/3/2014,0.0,MEMO(MEMORANDUM),0.27,False,AR
16-25195-000,7/12/2004,0.0,WD(WARRANTY DEED),0.27,False,AR
16-25195-000,3/9/1995,0.0,DC(DEATH CERTIFICATE),0.27,False,AR
16-25196-000,4/9/2021,0.0,LWD(LIMITED WARRANTY DEED),0.27,False,FL
16-25196-000,1/13/2012,0.0,WD(WARRANTY DEED),0.27,False,FL
16-25196-000,12/28/2011,4000.0,WD(WARRANTY DEED),0.27,False,FL
16-25196-000,6/21/2010,0.0,WD(WARRANTY DEED),0.27,False,FL
16-25196-000,3/12/2010,0.0,WD(WARRANTY DEED),0.27,False,FL
16-25196-000,12/5/2005,50000.0,WD(WARRANTY DEED),0.27,False,FL
16-25196-000,10/21/2005,5000.0,WD(WARRANTY DEED),0.27,False,FL
16-25196-000,11/29/1999,8000.0,WD(WARRANTY DEED),0.27,False,FL
16-25196-000,9/20/1999,0.0,RD(REDEMPTION DEED),0.27,False,FL
16-25196-000,7/9/1999,0.0,HIST(HISTORICAL),0.27,False,FL
16-25196-000,11/26/1984,0.0,CONT(CONTRACT),0.27,False,FL
16-25197-000,5/7/2021,50000.0,WD(WARRANTY DEED),0.26,False,AR
16-25197-000,8/21/2014,2500.0,WD(WARRANTY DEED),0.26,False,AR
16-25197-000,9/24/1992,1000.0,WD(WARRANTY DEED),0.26,False,AR
16-25197-000,9/24/1992,1000.0,WD(WARRANTY DEED),0.26,False,AR
16-25197-000,9/23/1983,0.0,WD(WARRANTY DEED),0.26,False,AR
16-25198-000,11/21/2023,10000.0,WD(WARRANTY DEED),0.28,False,AR
16-25198-000,11/21/2023,0.0,QCD(QUITCLAIM DEED),0.28,False,AR
16-25198-000,7/13/2004,4000.0,WD(WARRANTY DEED),0.28,False,AR
16-25198-000,7/13/2004,0.0,QCD(QUITCLAIM DEED),0.28,False,AR
16-25198-000,7/13/2004,0.0,QCD(QUITCLAIM DEED),0.28,False,AR
16-25198-000,9/26/2001,0.0,QCD(QUITCLAIM DEED),0.28,False,AR
16-25198-000,5/21/2001,0.0,QCD(QUITCLAIM DEED),0.28,False,AR
16-25198-000,9/21/2000,1000.0,QCD(QUITCLAIM DEED),0.28,False,AR
16-25198-000,10/25/1983,7000.0,WD(WARRANTY DEED),0.28,False,AR
16-25199-000,7/13/2023,0.0,SWD(SPECIAL WARRANTY DEED),0.32,False,
16-25199-000,7/13/2023,0.0,CERT(CERTIFICATE),0.32,False,
16-25199-000,7/13/2023,0.0,TRD(TRUSTEES DEED),0.32,False,
16-25199-000,7/13/2023,0.0,CERT(CERTIFICATE),0.32,False,
16-25199-000,8/27/2021,0.0,DC(DEATH CERTIFICATE),0.32,False,
16-25199-000,5/27/2015,0.0,QCD(QUITCLAIM DEED),0.32,False,
16-25199-000,7/8/2014,3000.0,WD(WARRANTY DEED),0.32,False,
16-25199-000,7/8/2011,0.0,SWD(SPECIAL WARRANTY DEED),0.32,False,
16-25199-000,6/2/2010,0.0,RD(REDEMPTION DEED),0.32,False,
16-25199-000,4/19/2010,0.0,COMMD(COMMISSIONERS DEED),0.32,False,
16-25199-000,11/1/2004,5000.0,WD(WARRANTY DEED),0.32,False,
16-25200-000,7/13/2023,0.0,SWD(SPECIAL WARRANTY DEED),0.29,False,
16-25200-000,7/13/2023,0.0,CERT(CERTIFICATE),0.29,False,
16-25200-000,7/13/2023,0.0,TRD(TRUSTEES DEED),0.29,False,
16-25200-000,7/13/2023,0.0,CERT(CERTIFICATE),0.29,False,
16-25200-000,8/27/2021,0.0,DC(DEATH CERTIFICATE),0.29,False,
16-25200-000,7/2/2019,0.0,LWD(LIMITED WARRANTY DEED),0.29,False,
16-25200-000,2/1/1982,0.0,WD(WARRANTY DEED),0.29,False,
16-25201-000,8/3/2016,0.0,QCD(QUITCLAIM DEED),0.24,True,AR
16-25201-000,4/10/2015,0.0,QCD(QUITCLAIM DEED),0.24,True,AR
16-25201-000,7/18/2012,668.0,LWD(LIMITED WARRANTY DEED),0.24,True,AR
16-25201-000,7/10/2006,0.0,QCD(QUITCLAIM DEED),0.24,True,AR
16-25201-000,3/6/2006,0.0,QCD(QUITCLAIM DEED),0.24,True,AR
16-25201-000,12/15/2004,3000.0,WD(WARRANTY DEED),0.24,True,AR
16-25201-000,5/5/1976,7000.0,WD(WARRANTY DEED),0.24,True,AR
16-25202-000,8/19/2020,0.0,QCD(QUITCLAIM DEED),0.54,True,AR
16-25202-000,8/19/2020,0.0,QCD(QUITCLAIM DEED),0.54,True,AR
16-25202-000,7/28/2016,0.0,QCD(QUITCLAIM DEED),0.54,True,AR
16-25202-000,4/10/2015,171000.0,WD(WARRANTY DEED),0.54,True,AR
16-25202-000,1/6/2012,140000.0,WD(WARRANTY DEED),0.54,True,AR
16-25202-000,1/27/2010,148000.0,CWD(CORPORATION WARRANTY DEED),0.54,True,AR
16-25202-000,8/5/2009,15000.0,WD(WARRANTY DEED),0.54,True,AR
16-25202-000,6/29/2009,2000.0,WD(WARRANTY DEED),0.54,True,AR
16-25202-000,5/13/2009,0.0,COMMD(COMMISSIONERS DEED),0.54,True,AR
16-25202-000,3/6/2006,0.0,CORRWD(CORRECTED WARRANTY DEED),0.54,True,AR
16-25202-000,2/16/2006,203000.0,WD(WARRANTY DEED),0.54,True,AR
16-25202-000,11/18/2005,6000.0,WD(WARRANTY DEED),0.54,True,AR
16-25202-000,11/18/2005,0.0,WD(WARRANTY DEED),0.54,True,AR
16-25202-000,8/8/1995,0.0,CERT(CERTIFICATE),0.54,True,AR
16-25202-000,7/26/1991,0.0,QCD(QUITCLAIM DEED),0.54,True,AR
16-25202-000,7/26/1991,0.0,TRAG(TRUST AGREEMENT),0.54,True,AR
16-25202-000,10/29/1981,7000.0,WD(WARRANTY DEED),0.54,True,AR
16-25202-000,12/15/1980,5800.0,CONT(CONTRACT),0.54,True,AR
16-25204-000,5/7/2021,50000.0,WD(WARRANTY DEED),0.27,False,AR
16-25204-000,12/22/2017,0.0,CORRQC(CORRECTED QUIT CLAIM DEED),0.27,False,AR
16-25204-000,4/19/2017,0.0,CORRQC(CORRECTED QUIT CLAIM DEED),0.27,False,AR
16-25204-000,9/30/2016,3000.0,QCD(QUITCLAIM DEED),0.27,False,AR
16-25204-000,12/30/2015,0.0,QCD(QUITCLAIM DEED),0.27,False,AR
16-25204-000,11/10/2005,31000.0,WD(WARRANTY DEED),0.27,False,AR
16-25204-000,9/27/2005,50000.0,WD(WARRANTY DEED),0.27,False,AR
16-25204-000,10/6/2004,0.0,WD(WARRANTY DEED),0.27,False,AR
16-25204-000,4/29/2004,0.0,AFF(AFFIDAVIT),0.27,False,AR
16-25204-000,4/29/2004,0.0,QCD(QUITCLAIM DEED),0.27,False,AR
16-25204-000,11/13/2003,2000.0,WD(WARRANTY DEED),0.27,False,AR
16-25204-000,10/26/1992,0.0,RD(REDEMPTION DEED),0.27,False,AR
16-25204-000,10/8/1992,0.0,HIST(HISTORICAL),0.27,False,AR
16-25204-000,9/15/1983,7000.0,WD(WARRANTY DEED),0.27,False,AR
16-25205-000,9/7/2018,240000.0,WD(WARRANTY DEED),0.3,True,AR
16-25205-000,3/9/2017,1000.0,SWD(SPECIAL WARRANTY DEED),0.3,True,AR
16-25205-000,6/18/2014,0.0,COMMD(COMMISSIONERS DEED),0.3,True,AR
16-25205-000,4/18/2013,0.0,RD(REDEMPTION DEED),0.3,True,AR
16-25205-000,3/18/2009,0.0,QCD(QUITCLAIM DEED),0.3,True,AR
16-25205-000,11/24/2008,0.0,WD(WARRANTY DEED),0.3,True,AR
16-25205-000,4/7/2006,562000.0,WD(WARRANTY DEED),0.3,True,AR
16-25205-000,6/24/2005,0.0,RD(REDEMPTION DEED),0.3,True,AR
16-25205-000,6/8/2005,1000.0,WD(WARRANTY DEED),0.3,True,AR
16-25205-000,8/21/2000,0.0,QCD(QUITCLAIM DEED),0.3,True,AR
16-25205-000,6/28/1996,0.0,QCD(QUITCLAIM DEED),0.3,True,AR
16-25205-000,3/14/1995,0.0,QCD(QUITCLAIM DEED),0.3,True,AR
16-25205-000,6/14/1994,15000.0,WD(WARRANTY DEED),0.3,True,AR
16-25205-000,5/11/1987,9000.0,WD(WARRANTY DEED),0.3,True,AR
16-25206-000,4/21/1999,1000.0,WD(WARRANTY DEED),0.28,False,IN
16-25206-000,3/3/1999,0.0,QCD(QUITCLAIM DEED),0.28,False,IN
16-25206-000,10/23/1996,0.0,RD(REDEMPTION DEED),0.28,False,IN
16-25206-000,2/17/1989,8000.0,WD(WARRANTY DEED),0.28,False,IN
16-25206-000,7/25/1984,0.0,WD(WARRANTY DEED),0.28,False,IN
16-25206-000,6/15/1983,0.0,DC(DEATH CERTIFICATE),0.28,False,IN
16-25207-000,12/20/2024,0.0,AFF(AFFIDAVIT),16.09,False,
16-25207-000,5/23/2024,10899862.0,SWD(SPECIAL WARRANTY DEED),16.09,False,
16-25207-000,5/23/2024,0.0,QCD(QUITCLAIM DEED),16.09,False,
16-25208-000,"3,175",635.0,635,29.51,False,AR
16-25208-000,0,0.0,0,29.51,False,AR
16-25208-000,"3,175",635.0,635,29.51,False,AR
16-25208-000,,635.0,635,29.51,False,AR
16-25208-000,,0.06193,0.06193,29.51,False,AR
16-25208-000,,5.9,5.9,29.51,False,AR
16-25208-001,0,0.0,0,8.95,False,AR
16-25208-001,0,0.0,0,8.95,False,AR
16-25208-001,0,0.0,0,8.95,False,AR
16-25208-001,,0.0,0,8.95,False,AR
16-25208-001,,0.06193,0.06193,8.95,False,AR
16-26370-000,6/13/2014,0.0,SWD(SPECIAL WARRANTY DEED),0.29,False,TX
16-26370-000,7/15/1988,0.0,WD(WARRANTY DEED),0.29,False,TX
16-26370-000,8/2/1985,8000.0,WD(WARRANTY DEED),0.29,False,TX
16-26370-000,11/7/1984,10090.0,WD(WARRANTY DEED),0.29,False,TX
16-26371-000,4/8/2024,565000.0,WD(WARRANTY DEED),0.25,True,AR
16-26371-000,1/5/2022,0.0,RD(REDEMPTION DEED),0.25,True,AR
16-26371-000,12/28/2021,67000.0,WD(WARRANTY DEED),0.25,True,AR
16-26371-000,2/16/2017,0.0,RD(REDEMPTION DEED),0.25,True,AR
16-26371-000,8/28/2009,1451000.0,QCD(QUITCLAIM DEED),0.25,True,AR
16-26371-000,8/21/2009,402000.0,DEED(GRANT DEED),0.25,True,AR
16-26371-000,9/15/2008,0.0,DEED(GRANT DEED),0.25,True,AR
16-26371-000,10/20/2005,90000.0,CWD(CORPORATION WARRANTY DEED),0.25,True,AR
16-26371-000,7/28/2005,4000.0,WD(WARRANTY DEED),0.25,True,AR
16-26371-000,7/28/2005,0.0,MEMO(MEMORANDUM),0.25,True,AR
16-26371-000,1/17/1997,0.0,WD(WARRANTY DEED),0.25,True,AR
16-26371-000,1/17/1997,0.0,WD(WARRANTY DEED),0.25,True,AR
16-26371-000,8/2/1990,5000.0,WD(WARRANTY DEED),0.25,True,AR
16-26372-000,2/7/2024,0.0,ADHL(AR DEPT OF HEALTH LIST),0.27,True,AR
16-26372-000,4/30/2021,0.0,BD(BENEFICIARY DEED),0.27,True,AR
16-26372-000,8/26/2010,170000.0,WD(WARRANTY DEED),0.27,True,AR
16-26372-000,1/13/2010,15000.0,WD(WARRANTY DEED),0.27,True,AR
16-26372-000,12/9/2009,0.0,RD(REDEMPTION DEED),0.27,True,AR
16-26372-000,11/23/2009,2000.0,WD(WARRANTY DEED),0.27,True,AR
16-26372-000,12/4/1999,0.0,DC(DEATH CERTIFICATE),0.27,True,AR
16-26372-000,1/20/1981,0.0,WD(WARRANTY DEED),0.27,True,AR
16-26373-000,2/9/1996,0.0,QCD(QUITCLAIM DEED),0.27,False,AR
16-26373-000,3/5/1984,2000.0,WD(WARRANTY DEED),0.27,False,AR
16-26374-000,2/8/2023,13000.0,WD(WARRANTY DEED),0.32,False,AR
16-26374-000,12/28/2022,0.0,TRWD(TRUSTEES WARRANTY DEED),0.32,False,AR
16-26374-000,12/28/2022,2000.0,TRWD(TRUSTEES WARRANTY DEED),0.32,False,AR
16-26374-000,2/2/2021,0.0,WD(WARRANTY DEED),0.32,False,AR
16-26374-000,5/2/2002,0.0,RD(REDEMPTION DEED),0.32,False,AR
16-26374-000,4/18/2002,1000.0,SWD(SPECIAL WARRANTY DEED),0.32,False,AR
16-26374-000,4/3/2002,0.0,QCD(QUITCLAIM DEED),0.32,False,AR
16-26374-000,7/2/1998,0.0,POA(POWER OF ATTORNEY),0.32,False,AR
16-26374-000,1/28/1988,4000.0,WD(WARRANTY DEED),0.32,False,AR
16-26375-000,10/2/2020,0.0,QCD(QUITCLAIM DEED),0.37,False,WA
16-26375-000,4/23/2015,10.0,WD(WARRANTY DEED),0.37,False,WA
16-26375-000,5/15/2014,0.0,WD(WARRANTY DEED),0.37,False,WA
16-26375-000,9/8/2011,0.0,COMMD(COMMISSIONERS DEED),0.37,False,WA
16-26375-000,6/19/1995,1000.0,CWD(CORPORATION WARRANTY DEED),0.37,False,WA
16-26375-000,6/19/1995,1000.0,WD(WARRANTY DEED),0.37,False,WA
16-26375-000,2/20/1990,2000.0,WD(WARRANTY DEED),0.37,False,WA
16-26375-000,3/27/1987,0.0,WD(WARRANTY DEED),0.37,False,WA
16-26375-000,2/26/1980,0.0,WD(WARRANTY DEED),0.37,False,WA
16-26375-000,1/1/1800,0.0,DC(DEATH CERTIFICATE),0.37,False,WA
16-26376-000,6/17/2021,3500.0,CWD(CORPORATION WARRANTY DEED),0.28,False,TX
16-26376-000,2/4/2016,7500.0,SWD(SPECIAL WARRANTY DEED),0.28,False,TX
16-26376-000,6/15/2010,0.0,SWD(SPECIAL WARRANTY DEED),0.28,False,TX
16-26376-000,11/18/2005,6000.0,WD(WARRANTY DEED),0.28,False,TX
16-26376-000,7/12/1984,0.0,WD(WARRANTY DEED),0.28,False,TX
16-26377-000,8/4/2017,0.0,QCD(QUITCLAIM DEED),0.41,False,AR
16-26377-000,6/2/2008,0.0,DC(DEATH CERTIFICATE),0.41,False,AR
16-26377-000,5/16/2002,0.0,WD(WARRANTY DEED),0.41,False,AR
16-26377-000,2/27/1984,4000.0,WD(WARRANTY DEED),0.41,False,AR
16-26378-000,4/4/2024,23000.0,WD(WARRANTY DEED),0.33,False,CA
16-26378-000,3/12/2024,21000.0,WD(WARRANTY DEED),0.33,False,CA
16-26378-000,4/8/2021,0.0,LWD(LIMITED WARRANTY DEED),0.33,False,CA
16-26378-000,4/10/2013,1000.0,SWD(SPECIAL WARRANTY DEED),0.33,False,CA
16-26378-000,4/5/2013,68000.0,SWD(SPECIAL WARRANTY DEED),0.33,False,CA
16-26378-000,4/5/2013,5000.0,WD(WARRANTY DEED),0.33,False,CA
16-26378-000,12/20/2011,0.0,COMMD(COMMISSIONERS DEED),0.33,False,CA
16-26378-000,12/28/2005,8000.0,WD(WARRANTY DEED),0.33,False,CA
16-26378-000,4/24/1990,4000.0,WD(WARRANTY DEED),0.33,False,CA
16-26379-000,7/19/2016,0.0,RD(REDEMPTION DEED),0.31,False,FL
16-26379-000,1/12/2006,10000.0,WD(WARRANTY DEED),0.31,False,FL
16-26379-000,9/8/2005,6000.0,WD(WARRANTY DEED),0.31,False,FL
16-26379-000,10/31/2003,0.0,RD(REDEMPTION DEED),0.31,False,FL
16-26379-000,10/22/1993,1000.0,WD(WARRANTY DEED),0.31,False,FL
16-26379-000,10/7/1993,1000.0,COMMD(COMMISSIONERS DEED),0.31,False,FL
16-26379-000,10/5/1993,0.0,RD(REDEMPTION DEED),0.31,False,FL
16-26379-000,2/2/1983,0.0,WD(WARRANTY DEED),0.31,False,FL
16-26380-000,12/12/2023,5500.0,WD(WARRANTY DEED),0.26,False,AR
16-26380-000,11/14/2012,1000.0,WD(WARRANTY DEED),0.26,False,AR
16-26380-000,7/31/2012,80000.0,CWD(CORPORATION WARRANTY DEED),0.26,False,AR
16-26380-000,1/9/2006,2000.0,WD(WARRANTY DEED),0.26,False,AR
16-26380-000,10/19/2003,0.0,DC(DEATH CERTIFICATE),0.26,False,AR
16-26380-000,10/7/2003,0.0,QCD(QUITCLAIM DEED),0.26,False,AR
16-26380-000,9/4/1989,0.0,DC(DEATH CERTIFICATE),0.26,False,AR
16-26380-000,2/2/1983,8000.0,WD(WARRANTY DEED),0.26,False,AR
16-26381-000,10/11/2023,36000.0,WD(WARRANTY DEED),0.37,False,AR
16-26381-000,5/3/2022,36000.0,WD(WARRANTY DEED),0.37,False,AR
16-26381-000,3/16/2022,0.0,QCD(QUITCLAIM DEED),0.37,False,AR
16-26381-000,10/1/2020,0.0,LWD(LIMITED WARRANTY DEED),0.37,False,AR
16-26381-000,8/28/2009,1451000.0,QCD(QUITCLAIM DEED),0.37,False,AR
16-26381-000,8/21/2009,402000.0,DEED(GRANT DEED),0.37,False,AR
16-26381-000,9/15/2008,0.0,DEED(GRANT DEED),0.37,False,AR
16-26381-000,10/20/2005,90000.0,CWD(CORPORATION WARRANTY DEED),0.37,False,AR
16-26381-000,7/30/2005,3000.0,WD(WARRANTY DEED),0.37,False,AR
16-26381-000,4/14/1986,0.0,DEC(DECREE),0.37,False,AR
16-26381-000,8/20/1983,6000.0,WD(WARRANTY DEED),0.37,False,AR
16-26381-000,7/19/1982,0.0,WD(WARRANTY DEED),0.37,False,AR
16-26381-000,1/1/1800,0.0,ML(MARRIAGE LICENSE),0.37,False,AR
16-26382-000,6/21/2013,0.0,BD(BENEFICIARY DEED),0.3,False,AR
16-26382-000,8/22/1994,1000.0,WD(WARRANTY DEED),0.3,False,AR
16-26382-000,11/23/1983,0.0,WD(WARRANTY DEED),0.3,False,AR
16-26383-000,5/2/2016,1000.0,WD(WARRANTY DEED),0.28,False,AR
16-26383-000,2/7/2012,0.0,WD(WARRANTY DEED),0.28,False,AR
16-26383-000,6/9/1997,1000.0,WD(WARRANTY DEED),0.28,False,AR
16-26383-000,12/31/1990,1000.0,WD(WARRANTY DEED),0.28,False,AR
16-26383-000,1/24/1980,0.0,WD(WARRANTY DEED),0.28,False,AR
16-26384-000,4/27/2016,167000.0,WD(WARRANTY DEED),0.33,True,AR
16-26384-000,2/1/2008,0.0,QCD(QUITCLAIM DEED),0.33,True,AR
16-26384-000,11/29/2006,170000.0,WD(WARRANTY DEED),0.33,True,AR
16-26384-000,2/26/2001,3000.0,WD(WARRANTY DEED),0.33,True,AR
16-26384-000,9/4/1998,1000.0,COMMD(COMMISSIONERS DEED),0.33,True,AR
16-26384-000,9/4/1998,0.0,RD(REDEMPTION DEED),0.33,True,AR
16-26384-000,9/27/1988,5000.0,WD(WARRANTY DEED),0.33,True,AR
16-26385-000,5/23/2025,7500.0,TRD(TRUSTEES DEED),0.31,False,FL
16-26385-000,1/26/2022,0.0,RD(REDEMPTION DEED),0.31,False,FL
16-26385-000,9/15/2017,0.0,CERT(CERTIFICATE),0.31,False,FL
16-26385-000,8/3/2012,1000.0,SWD(SPECIAL WARRANTY DEED),0.31,False,FL
16-26385-000,3/11/2011,0.0,COMMD(COMMISSIONERS DEED),0.31,False,FL
16-26385-000,9/19/2007,4000.0,WD(WARRANTY DEED),0.31,False,FL
16-26385-000,5/19/2005,0.0,QCD(QUITCLAIM DEED),0.31,False,FL
16-26385-000,1/3/2003,0.0,DC(DEATH CERTIFICATE),0.31,False,FL
16-26385-000,5/8/1996,1000.0,WD(WARRANTY DEED),0.31,False,FL
16-26385-000,1/19/1983,0.0,WD(WARRANTY DEED),0.31,False,FL
16-26386-000,4/1/2019,1200.0,SWD(SPECIAL WARRANTY DEED),0.34,False,AR
16-26386-000,4/17/2017,0.0,COMMD(COMMISSIONERS DEED),0.34,False,AR
16-26386-000,1/18/2017,0.0,RD(REDEMPTION DEED),0.34,False,AR
16-26386-000,10/7/2009,0.0,RD(REDEMPTION DEED),0.34,False,AR
16-26386-000,8/20/2004,0.0,QCD(QUITCLAIM DEED),0.34,False,AR
16-26386-000,8/23/2000,1000.0,WD(WARRANTY DEED),0.34,False,AR
16-26386-000,6/21/1999,0.0,RD(REDEMPTION DEED),0.34,False,AR
16-26386-000,6/7/1999,1000.0,COMMD(COMMISSIONERS DEED),0.34,False,AR
16-26386-000,8/25/1989,4000.0,WD(WARRANTY DEED),0.34,False,AR
16-26387-000,5/30/2025,374900.0,WD(WARRANTY DEED),0.31,False,AR
16-26387-000,3/5/2024,19000.0,WD(WARRANTY DEED),0.31,False,AR
16-26387-000,4/8/2019,2000.0,SWD(SPECIAL WARRANTY DEED),0.31,False,AR
16-26387-000,6/18/2018,1250.0,COMMD(COMMISSIONERS DEED),0.31,False,AR
16-26387-000,4/5/2018,0.0,RD(REDEMPTION DEED),0.31,False,AR
16-26387-000,9/14/2011,0.0,WD(WARRANTY DEED),0.31,False,AR
16-26387-000,10/29/2009,0.0,RD(REDEMPTION DEED),0.31,False,AR
16-26387-000,10/4/1999,0.0,WD(WARRANTY DEED),0.31,False,AR
16-26387-000,12/28/1993,1000.0,WD(WARRANTY DEED),0.31,False,AR
16-26387-000,7/19/1993,1000.0,WD(WARRANTY DEED),0.31,False,AR
16-26387-000,7/19/1993,1000.0,WD(WARRANTY DEED),0.31,False,AR
16-26387-000,7/11/1989,7000.0,WD(WARRANTY DEED),0.31,False,AR
16-26388-000,12/16/2014,3000.0,WD(WARRANTY DEED),0.27,False,AR
16-26388-000,12/8/2005,6000.0,WD(WARRANTY DEED),0.27,False,AR
16-26388-000,12/30/1988,7000.0,WD(WARRANTY DEED),0.27,False,AR
16-26388-000,3/2/1988,0.0,WD(WARRANTY DEED),0.27,False,AR
16-26388-000,9/24/1982,0.0,WD(WARRANTY DEED),0.27,False,AR
16-26389-000,8/26/2014,130000.0,WD(WARRANTY DEED),0.26,True,AR
16-26389-000,9/27/2010,57667.0,SWD(SPECIAL WARRANTY DEED),0.26,True,AR
16-26389-000,6/11/2010,0.0,SWD(SPECIAL WARRANTY DEED),0.26,True,AR
16-26389-000,5/20/2010,0.0,MTG-D(MORTGAGEE'S DEED),0.26,True,AR
16-26389-000,4/28/2010,0.0,POA(POWER OF ATTORNEY),0.26,True,AR
16-26389-000,12/24/2003,158000.0,WD(WARRANTY DEED),0.26,True,AR
16-26389-000,5/9/2003,0.0,QCD(QUITCLAIM DEED),0.26,True,AR
16-26389-000,11/21/2001,1000.0,QCD(QUITCLAIM DEED),0.26,True,AR
16-26389-000,11/21/2001,1000.0,QCD(QUITCLAIM DEED),0.26,True,AR
16-26389-000,11/28/2000,0.0,QCD(QUITCLAIM DEED),0.26,True,AR
16-26389-000,7/7/1994,2000.0,WD(WARRANTY DEED),0.26,True,AR
16-26389-000,9/24/1990,5000.0,WD(WARRANTY DEED),0.26,True,AR
16-26389-000,4/1/1979,0.0,CONT(CONTRACT),0.26,True,AR
16-26390-000,7/3/2018,0.0,LWD(LIMITED WARRANTY DEED),0.27,False,AR
16-26390-000,12/16/2002,1000.0,COMMD(COMMISSIONERS DEED),0.27,False,AR
16-26390-000,11/22/2002,0.0,COMMD(COMMISSIONERS DEED),0.27,False,AR
16-26390-000,2/8/1990,5000.0,WD(WARRANTY DEED),0.27,False,AR
16-26391-000,7/17/2023,7500.0,SWD(SPECIAL WARRANTY DEED),0.28,False,AR
16-26391-000,4/3/2023,0.0,QCD(QUITCLAIM DEED),0.28,False,AR
16-26391-000,5/21/2020,0.0,OR(ORDER),0.28,False,AR
16-26391-000,9/1/2018,0.0,DC(DEATH CERTIFICATE),0.28,False,AR
16-26391-000,8/18/2014,0.0,ML(MARRIAGE LICENSE),0.28,False,AR
16-26391-000,4/8/2013,0.0,QCD(QUITCLAIM DEED),0.28,False,AR
16-26391-000,11/19/2010,0.0,DC(DEATH CERTIFICATE),0.28,False,AR
16-26391-000,12/14/1990,2000.0,WD(WARRANTY DEED),0.28,False,AR
16-26391-000,1/5/1978,5000.0,WD(WARRANTY DEED),0.28,False,AR
16-26392-000,6/1/2020,1200.0,WD(WARRANTY DEED),0.27,False,AR
16-26392-000,10/24/2000,0.0,QCD(QUITCLAIM DEED),0.27,False,AR
16-26392-000,7/9/1999,0.0,SWD(SPECIAL WARRANTY DEED),0.27,False,AR
16-26392-000,7/2/1999,0.0,MEMO(MEMORANDUM),0.27,False,AR
16-26392-000,4/14/1998,0.0,QCD(QUITCLAIM DEED),0.27,False,AR
16-26392-000,3/3/1998,0.0,DC(DEATH CERTIFICATE),0.27,False,AR
16-26392-000,3/1/1990,5000.0,WD(WARRANTY DEED),0.27,False,AR
16-26393-000,10/30/2024,21000.0,WD(WARRANTY DEED),0.26,False,AR
16-26393-000,9/30/2024,6000.0,WD(WARRANTY DEED),0.26,False,AR
16-26393-000,9/26/2024,0.0,QCD(QUITCLAIM DEED),0.26,False,AR
16-26393-000,11/7/2022,5000.0,SWD(SPECIAL WARRANTY DEED),0.26,False,AR
16-26393-000,3/25/2021,0.0,LWD(LIMITED WARRANTY DEED),0.26,False,AR
16-26393-000,8/28/2009,1451000.0,QCD(QUITCLAIM DEED),0.26,False,AR
16-26393-000,8/21/2009,402000.0,DEED(GRANT DEED),0.26,False,AR
16-26393-000,9/15/2008,0.0,DEED(GRANT DEED),0.26,False,AR
16-26393-000,9/15/2005,0.0,WD(WARRANTY DEED),0.26,False,AR
16-26393-000,12/30/1988,7600.0,WD(WARRANTY DEED),0.26,False,AR
16-26394-000,10/30/2024,21000.0,WD(WARRANTY DEED),0.27,False,AR
16-26394-000,9/24/2024,5000.0,WD(WARRANTY DEED),0.27,False,AR
16-26394-000,5/18/1993,1000.0,WD(WARRANTY DEED),0.27,False,AR
16-26394-000,5/18/1993,1000.0,WD(WARRANTY DEED),0.27,False,AR
16-26394-000,11/22/1977,0.0,WD(WARRANTY DEED),0.27,False,AR
16-26395-000,2/28/2023,7500.0,WD(WARRANTY DEED),0.29,False,AR
16-26395-000,6/25/2019,0.0,QCD(QUITCLAIM DEED),0.29,False,AR
16-26395-000,5/23/2012,0.0,DC(DEATH CERTIFICATE),0.29,False,AR
16-26395-000,7/15/2002,0.0,TRAG(TRUST AGREEMENT),0.29,False,AR
16-26395-000,5/26/1999,0.0,TRAG(TRUST AGREEMENT),0.29,False,AR
16-26395-000,9/4/1997,0.0,POA(POWER OF ATTORNEY),0.29,False,AR
16-26395-000,2/26/1996,0.0,QCD(QUITCLAIM DEED),0.29,False,AR
16-26395-000,12/26/1995,4000.0,WD(WARRANTY DEED),0.29,False,AR
16-26395-000,11/17/1986,4000.0,WD(WARRANTY DEED),0.29,False,AR
16-26396-000,6/24/1999,0.0,WD(WARRANTY DEED),0.29,False,OK
16-26396-000,12/20/1985,7000.0,WD(WARRANTY DEED),0.29,False,OK
16-26397-000,5/1/2014,0.0,QCD(QUITCLAIM DEED),0.29,False,MO
16-26397-000,10/20/1995,0.0,QCD(QUITCLAIM DEED),0.29,False,MO
16-26397-000,12/6/1988,4000.0,WD(WARRANTY DEED),0.29,False,MO
16-26398-000,4/28/2020,1000.0,QCD(QUITCLAIM DEED),0.3,False,AR
16-26398-000,12/13/2019,0.0,LWD(LIMITED WARRANTY DEED),0.3,False,AR
16-26398-000,4/1/2013,17000.0,SWD(SPECIAL WARRANTY DEED),0.3,False,AR
16-26398-000,3/27/2013,0.0,COMMD(COMMISSIONERS DEED),0.3,False,AR
16-26398-000,2/18/2013,116000.0,SWD(SPECIAL WARRANTY DEED),0.3,False,AR
16-26398-000,2/18/2013,21000.0,SWD(SPECIAL WARRANTY DEED),0.3,False,AR
16-26398-000,2/18/2013,116000.0,SWD(SPECIAL WARRANTY DEED),0.3,False,AR
16-26398-000,2/18/2013,25000.0,CORRWD(CORRECTED WARRANTY DEED),0.3,False,AR
16-26398-000,2/18/2013,21000.0,CORRWD(CORRECTED WARRANTY DEED),0.3,False,AR
16-26398-000,2/8/2013,25000.0,SWD(SPECIAL WARRANTY DEED),0.3,False,AR
16-26398-000,7/19/2012,1000.0,COMMD(COMMISSIONERS DEED),0.3,False,AR
16-26398-000,11/10/2010,0.0,QCD(QUITCLAIM DEED),0.3,False,AR
16-26398-000,11/24/2008,0.0,WD(WARRANTY DEED),0.3,False,AR
16-26398-000,12/21/2005,70000.0,WD(WARRANTY DEED),0.3,False,AR
16-26398-000,2/22/2005,2000.0,WD(WARRANTY DEED),0.3,False,AR
16-26398-000,10/10/1990,4000.0,WD(WARRANTY DEED),0.3,False,AR
16-26398-000,4/8/1978,4000.0,WD(WARRANTY DEED),0.3,False,AR
16-26399-000,10/6/2023,0.0,QCD(QUITCLAIM DEED),0.33,False,
16-26399-000,7/5/2002,1000.0,WD(WARRANTY DEED),0.33,False,
16-26399-000,6/10/2002,0.0,COMMD(COMMISSIONERS DEED),0.33,False,
16-26399-000,11/5/2001,0.0,RD(REDEMPTION DEED),0.33,False,
16-26400-000,7/19/2022,0.0,WD(WARRANTY DEED),0.28,True,AR
16-26400-000,3/25/2021,1000.0,SWD(SPECIAL WARRANTY DEED),0.28,True,AR
16-26400-000,10/20/2020,0.0,RD(REDEMPTION DEED),0.28,True,AR
16-26400-000,9/16/2020,0.0,QCD(QUITCLAIM DEED),0.28,True,AR
16-26400-000,11/18/2008,0.0,RD(REDEMPTION DEED),0.28,True,AR
16-26400-000,12/19/2000,0.0,HIST(HISTORICAL),0.28,True,AR
16-26400-000,9/19/2000,0.0,HIST(HISTORICAL),0.28,True,AR
16-26400-000,7/14/1989,4000.0,WD(WARRANTY DEED),0.28,True,AR
16-26401-000,6/1/2022,6000.0,WD(WARRANTY DEED),0.31,False,HI
16-26401-000,6/22/2021,6000.0,COMMD(COMMISSIONERS DEED),0.31,False,HI
16-26401-000,2/3/2021,0.0,RD(REDEMPTION DEED),0.31,False,HI
16-26401-000,8/28/2009,1451000.0,QCD(QUITCLAIM DEED),0.31,False,HI
16-26401-000,8/21/2009,402000.0,DEED(GRANT DEED),0.31,False,HI
16-26401-000,9/15/2008,0.0,DEED(GRANT DEED),0.31,False,HI
16-26401-000,10/20/2005,90000.0,CWD(CORPORATION WARRANTY DEED),0.31,False,HI
16-26401-000,7/28/2005,3000.0,WD(WARRANTY DEED),0.31,False,HI
16-26401-000,12/9/2002,0.0,RD(REDEMPTION DEED),0.31,False,HI
16-26401-000,10/9/1991,82000.0,WD(WARRANTY DEED),0.31,False,HI
16-26401-000,9/19/1991,0.0,CONT(CONTRACT),0.31,False,HI
16-26401-000,4/3/1986,0.0,DC(DEATH CERTIFICATE),0.31,False,HI
16-26401-000,4/30/1979,0.0,HIST(HISTORICAL),0.31,False,HI
16-26402-000,3/21/1996,1000.0,QCD(QUITCLAIM DEED),0.3,False,AR
16-26402-000,6/16/1993,1000.0,WD(WARRANTY DEED),0.3,False,AR
16-26402-000,6/16/1993,1000.0,WD(WARRANTY DEED),0.3,False,AR
16-26402-000,4/28/1988,0.0,WD(WARRANTY DEED),0.3,False,AR
16-26402-000,5/29/1984,0.0,DC(DEATH CERTIFICATE),0.3,False,AR
16-26402-000,9/1/1982,0.0,CONT(CONTRACT),0.3,False,AR
16-26403-000,7/28/2023,0.0,LWD(LIMITED WARRANTY DEED),0.28,False,AR
16-26403-000,3/12/2019,2000.0,SWD(SPECIAL WARRANTY DEED),0.28,False,AR
16-26403-000,10/30/2018,0.0,LWD(LIMITED WARRANTY DEED),0.28,False,AR
16-26403-000,11/17/2009,0.0,QCD(QUITCLAIM DEED),0.28,False,AR
16-26403-000,2/27/2008,0.0,COMMD(COMMISSIONERS DEED),0.28,False,AR
16-26403-000,11/16/2005,6000.0,WD(WARRANTY DEED),0.28,False,AR
16-26403-000,1/6/1997,1000.0,WD(WARRANTY DEED),0.28,False,AR
16-26403-000,12/19/1994,4000.0,WD(WARRANTY DEED),0.28,False,AR
16-26403-000,11/9/1993,1000.0,WD(WARRANTY DEED),0.28,False,AR
16-26403-000,10/11/1992,0.0,DC(DEATH CERTIFICATE),0.28,False,AR
16-26403-000,7/13/1989,4000.0,WD(WARRANTY DEED),0.28,False,AR
16-26403-000,10/27/1986,4000.0,WD(WARRANTY DEED),0.28,False,AR
16-26404-000,6/13/2023,0.0,WD(WARRANTY DEED),0.26,True,AR
16-26404-000,6/9/2021,1500.0,WD(WARRANTY DEED),0.26,True,AR
16-26404-000,6/1/2021,0.0,WD(WARRANTY DEED),0.26,True,AR
16-26404-000,5/24/2021,0.0,AFF(AFFIDAVIT),0.26,True,AR
16-26404-000,5/21/2021,0.0,AFF(AFFIDAVIT),0.26,True,AR
16-26404-000,11/30/2010,0.0,WILL(WILL),0.26,True,AR
16-26404-000,11/30/2010,0.0,WILL(WILL),0.26,True,AR
16-26404-000,7/26/2010,0.0,DC(DEATH CERTIFICATE),0.26,True,AR
16-26404-000,6/29/1991,0.0,HIST(HISTORICAL),0.26,True,AR
16-26404-000,8/12/1986,5000.0,WD(WARRANTY DEED),0.26,True,AR
16-26404-000,4/23/1979,0.0,WD(WARRANTY DEED),0.26,True,AR
16-26405-000,5/13/2021,7000.0,COMMD(COMMISSIONERS DEED),0.29,False,TX
16-26405-000,2/3/2021,0.0,RD(REDEMPTION DEED),0.29,False,TX
16-26405-000,7/21/1992,2000.0,WD(WARRANTY DEED),0.29,False,TX
16-26405-000,6/11/1990,0.0,CONT(CONTRACT),0.29,False,TX
16-26405-000,6/23/1988,0.0,CONT(CONTRACT),0.29,False,TX
16-26406-000,3/6/2025,15000.0,CWD(CORPORATION WARRANTY DEED),0.3,False,AR
16-26406-000,8/24/2021,0.0,RD(REDEMPTION DEED),0.3,False,AR
16-26406-000,3/15/2007,0.0,RD(REDEMPTION DEED),0.3,False,AR
16-26406-000,5/20/2005,2000.0,TRD(TRUSTEES DEED),0.3,False,AR
16-26406-000,12/13/2002,0.0,RD(REDEMPTION DEED),0.3,False,AR
16-26406-000,6/24/1996,0.0,QCD(QUITCLAIM DEED),0.3,False,AR
16-26406-000,10/25/1993,0.0,CONT(CONTRACT),0.3,False,AR
16-26406-000,10/2/1990,0.0,CONT(CONTRACT),0.3,False,AR
16-26406-000,8/2/1990,4000.0,WD(WARRANTY DEED),0.3,False,AR
16-26407-000,5/27/2022,11000.0,WD(WARRANTY DEED),0.31,False,HI
16-26407-000,8/28/2021,0.0,DC(DEATH CERTIFICATE),0.31,False,HI
16-26407-000,6/8/2011,9000.0,WD(WARRANTY DEED),0.31,False,HI
16-26407-000,4/24/1990,4000.0,WD(WARRANTY DEED),0.31,False,HI
16-26408-000,7/20/2023,1775000.0,WD(WARRANTY DEED),0.36,True,AR
16-26408-000,2/19/2020,0.0,AFF(AFFIDAVIT),0.36,True,AR
16-26408-000,2/11/2020,0.0,QCD(QUITCLAIM DEED),0.36,True,AR
16-26408-000,10/18/2017,243000.0,MTG-D(MORTGAGEE'S DEED),0.36,True,AR
16-26408-000,3/15/2006,292000.0,WD(WARRANTY DEED),0.36,True,AR
16-26408-000,2/28/2006,0.0,WD(WARRANTY DEED),0.36,True,AR
16-26408-000,5/28/2004,0.0,QCD(QUITCLAIM DEED),0.36,True,AR
16-26408-000,11/17/2003,1000.0,WD(WARRANTY DEED),0.36,True,AR
16-26408-000,11/17/2003,0.0,QCD(QUITCLAIM DEED),0.36,True,AR
16-26408-000,10/20/2003,0.0,QCD(QUITCLAIM DEED),0.36,True,AR
16-26408-000,6/4/1998,1000.0,WD(WARRANTY DEED),0.36,True,AR
16-26408-000,7/15/1996,1000.0,CWD(CORPORATION WARRANTY DEED),0.36,True,AR
16-26408-000,7/15/1996,1000.0,WD(WARRANTY DEED),0.36,True,AR
16-26408-000,2/17/1995,0.0,QCD(QUITCLAIM DEED),0.36,True,AR
16-26408-000,2/17/1995,0.0,QCD(QUITCLAIM DEED),0.36,True,AR
16-26408-000,1/27/1995,0.0,QCD(QUITCLAIM DEED),0.36,True,AR
16-26408-000,1/17/1995,1000.0,QCD(QUITCLAIM DEED),0.36,True,AR
16-26408-000,12/9/1994,3000.0,CWD(CORPORATION WARRANTY DEED),0.36,True,AR
16-26408-000,11/21/1994,1000.0,COMMD(COMMISSIONERS DEED),0.36,True,AR
16-26408-000,9/21/1994,0.0,RD(REDEMPTION DEED),0.36,True,AR
16-26409-000,10/25/2022,4000.0,WD(WARRANTY DEED),0.36,False,AR
16-26409-000,6/30/2001,0.0,TRD(TRUSTEES DEED),0.36,False,AR
16-26409-000,9/1/2000,0.0,QCD(QUITCLAIM DEED),0.36,False,AR
16-26409-000,11/17/1992,0.0,DC(DEATH CERTIFICATE),0.36,False,AR
16-26409-000,2/22/1983,7000.0,WD(WARRANTY DEED),0.36,False,AR
16-26409-000,1/1/1800,0.0,TRAG(TRUST AGREEMENT),0.36,False,AR
16-26410-000,11/6/2020,246000.0,WD(WARRANTY DEED),0.45,True,AR
16-26410-000,4/23/2020,4000.0,SWD(SPECIAL WARRANTY DEED),0.45,True,AR
16-26410-000,1/21/2020,4000.0,QCD(QUITCLAIM DEED),0.45,True,AR
16-26410-000,3/23/2011,1000.0,SWD(SPECIAL WARRANTY DEED),0.45,True,AR
16-26410-000,2/25/2005,0.0,QCD(QUITCLAIM DEED),0.45,True,AR
16-26410-000,11/18/2004,0.0,AFF(AFFIDAVIT),0.45,True,AR
16-26410-000,4/10/1986,5000.0,WD(WARRANTY DEED),0.45,True,AR
16-26411-000,6/6/2013,1000.0,SWD(SPECIAL WARRANTY DEED),0.35,False,TX
16-26411-000,5/21/2012,500.0,COMMD(COMMISSIONERS DEED),0.35,False,TX
16-26411-000,6/10/2011,0.0,RD(REDEMPTION DEED),0.35,False,TX
16-26411-000,5/18/2006,35000.0,WD(WARRANTY DEED),0.35,False,TX
16-26411-000,5/6/2005,2000.0,WD(WARRANTY DEED),0.35,False,TX
16-26411-000,11/7/2000,0.0,RD(REDEMPTION DEED),0.35,False,TX
16-26411-000,6/30/1998,0.0,QCD(QUITCLAIM DEED),0.35,False,TX
16-26411-000,3/26/1998,0.0,AFF(AFFIDAVIT),0.35,False,TX
16-26411-000,7/21/1997,0.0,DC(DEATH CERTIFICATE),0.35,False,TX
16-26411-000,1/31/1997,0.0,QCD(QUITCLAIM DEED),0.35,False,TX
16-26411-000,1/31/1997,0.0,QCD(QUITCLAIM DEED),0.35,False,TX
16-26411-000,1/31/1997,0.0,QCD(QUITCLAIM DEED),0.35,False,TX
16-26411-000,4/24/1990,5000.0,WD(WARRANTY DEED),0.35,False,TX
16-26412-000,5/24/2023,307000.0,WD(WARRANTY DEED),0.3,True,AR
16-26412-000,4/21/2023,0.0,CORRWD(CORRECTED WARRANTY DEED),0.3,True,AR
16-26412-000,4/20/2021,1000.0,WD(WARRANTY DEED),0.3,True,AR
16-26412-000,3/27/2000,0.0,QCD(QUITCLAIM DEED),0.3,True,AR
16-26412-000,10/7/1994,0.0,QCD(QUITCLAIM DEED),0.3,True,AR
16-26412-000,6/19/1987,0.0,COMMD(COMMISSIONERS DEED),0.3,True,AR
16-26412-000,4/26/1978,5000.0,WD(WARRANTY DEED),0.3,True,AR
16-26413-000,10/7/2019,2000.0,WD(WARRANTY DEED),0.28,False,AR
16-26413-000,9/27/2016,0.0,DC(DEATH CERTIFICATE),0.28,False,AR
16-26413-000,9/22/1982,7000.0,WD(WARRANTY DEED),0.28,False,AR
16-26413-000,9/1/1982,0.0,CONT(CONTRACT),0.28,False,AR
16-26413-000,12/5/1977,5000.0,WD(WARRANTY DEED),0.28,False,AR
16-26414-000,5/12/2025,0.0,QCD(QUITCLAIM DEED),0.31,False,AR
16-26414-000,5/12/2025,0.0,CORRQC(CORRECTED QUIT CLAIM DEED),0.31,False,AR
16-26414-000,3/13/2020,2000.0,QCD(QUITCLAIM DEED),0.31,False,AR
16-26414-000,4/3/2013,1000.0,QCD(QUITCLAIM DEED),0.31,False,AR
16-26414-000,6/22/2012,0.0,QCD(QUITCLAIM DEED),0.31,False,AR
16-26414-000,8/5/2010,0.0,QCD(QUITCLAIM DEED),0.31,False,AR
16-26414-000,7/13/1999,1000.0,QCD(QUITCLAIM DEED),0.31,False,AR
16-26414-000,12/5/1997,0.0,OR(ORDER),0.31,False,AR
16-26414-000,11/26/1997,0.0,RD(REDEMPTION DEED),0.31,False,AR
16-26414-000,8/3/1993,0.0,DC(DEATH CERTIFICATE),0.31,False,AR
16-26414-000,7/31/1993,0.0,DC(DEATH CERTIFICATE),0.31,False,AR
16-26414-000,9/11/1982,17000.0,WD(WARRANTY DEED),0.31,False,AR
16-26415-000,10/17/2019,0.0,RD(REDEMPTION DEED),0.32,False,IL
16-26415-000,7/30/2008,20000.0,WD(WARRANTY DEED),0.32,False,IL
16-26415-000,1/19/2006,0.0,DC(DEATH CERTIFICATE),0.32,False,IL
16-26415-000,1/19/2006,10000.0,WD(WARRANTY DEED),0.32,False,IL
16-26415-000,12/12/2003,0.0,RD(REDEMPTION DEED),0.32,False,IL
16-26415-000,10/2/1996,223.0,COMMD(COMMISSIONERS DEED),0.32,False,IL
16-26415-000,11/14/1990,5000.0,WD(WARRANTY DEED),0.32,False,IL
16-26416-000,4/28/2022,0.0,RD(REDEMPTION DEED),0.31,False,OK
16-26416-000,12/4/1984,2000.0,WD(WARRANTY DEED),0.31,False,OK
16-26417-000,9/9/1991,6500.0,WD(WARRANTY DEED),0.32,False,AR
16-26417-000,5/2/1990,0.0,WD(WARRANTY DEED),0.32,False,AR
16-26417-000,2/2/1983,7000.0,WD(WARRANTY DEED),0.32,False,AR
16-26418-000,9/22/2008,0.0,QCD(QUITCLAIM DEED),0.31,True,AR
16-26418-000,9/24/2003,85000.0,WD(WARRANTY DEED),0.31,True,AR
16-26418-000,3/28/1995,0.0,DC(DEATH CERTIFICATE),0.31,True,AR
16-26418-000,11/3/1977,5000.0,WD(WARRANTY DEED),0.31,True,AR
16-26419-000,4/6/2010,5000.0,SWD(SPECIAL WARRANTY DEED),0.26,False,AR
16-26419-000,8/20/2009,0.0,QCD(QUITCLAIM DEED),0.26,False,AR
16-26419-000,11/24/2008,0.0,WD(WARRANTY DEED),0.26,False,AR
16-26419-000,9/14/2005,5000.0,WD(WARRANTY DEED),0.26,False,AR
16-26419-000,6/22/2004,0.0,DC(DEATH CERTIFICATE),0.26,False,AR
16-26419-000,6/15/1993,0.0,CONT(CONTRACT),0.26,False,AR
16-26419-000,6/4/1993,1000.0,WD(WARRANTY DEED),0.26,False,AR
16-26419-000,6/1/1993,1000.0,WD(WARRANTY DEED),0.26,False,AR
16-26419-000,4/3/1990,0.0,CONT(CONTRACT),0.26,False,AR
16-26419-000,1/8/1990,5000.0,WD(WARRANTY DEED),0.26,False,AR
16-26420-000,2/23/1994,0.0,QCD(QUITCLAIM DEED),0.26,False,AR
16-26420-000,2/20/1981,2000.0,WD(WARRANTY DEED),0.26,False,AR
16-26421-000,6/6/2007,0.0,CERT(CERTIFICATE),0.26,False,AR
16-26421-000,12/6/2000,0.0,WD(WARRANTY DEED),0.26,False,AR
16-26421-000,12/6/2000,0.0,MEMO(MEMORANDUM),0.26,False,AR
16-26421-000,3/18/1999,1000.0,QCD(QUITCLAIM DEED),0.26,False,AR
16-26421-000,9/5/1990,5000.0,WD(WARRANTY DEED),0.26,False,AR
16-26422-000,4/21/2003,1667.0,WD(WARRANTY DEED),0.27,False,TX
16-26422-000,9/28/1994,0.0,RD(REDEMPTION DEED),0.27,False,TX
16-26422-000,6/3/1989,0.0,CONT(CONTRACT),0.27,False,TX
16-26422-000,12/21/1979,0.0,WD(WARRANTY DEED),0.27,False,TX
16-26423-000,4/5/2024,60000.0,WD(WARRANTY DEED),0.26,False,AR
16-26423-000,8/2/2005,5000.0,WD(WARRANTY DEED),0.26,False,AR
16-26423-000,2/8/1990,4000.0,WD(WARRANTY DEED),0.26,False,AR
16-26424-000,12/30/1988,7850.0,WD(WARRANTY DEED),0.28,False,NE
16-26424-000,11/8/1985,0.0,WD(WARRANTY DEED),0.28,False,NE
16-26424-000,11/7/1984,7500.0,WD(WARRANTY DEED),0.28,False,NE
16-26425-000,10/19/2014,0.0,DC(DEATH CERTIFICATE),0.28,False,AR
16-26425-000,9/3/1993,0.0,QCD(QUITCLAIM DEED),0.28,False,AR
16-26425-000,10/20/1992,0.0,RD(REDEMPTION DEED),0.28,False,AR
16-26425-000,9/18/1992,1000.0,COMMD(COMMISSIONERS DEED),0.28,False,AR
16-26425-000,10/19/1983,0.0,DC(DEATH CERTIFICATE),0.28,False,AR
16-26425-000,10/28/1977,5000.0,WD(WARRANTY DEED),0.28,False,AR
16-26426-000,12/10/2021,10000.0,WD(WARRANTY DEED),0.29,False,AR
16-26426-000,9/13/2013,0.0,QCD(QUITCLAIM DEED),0.29,False,AR
16-26426-000,3/30/1998,0.0,CERT(CERTIFICATE),0.29,False,AR
16-26426-000,3/30/1998,1000.0,COMMD(COMMISSIONERS DEED),0.29,False,AR
16-26426-000,11/17/1997,0.0,RD(REDEMPTION DEED),0.29,False,AR
16-26426-000,5/28/1996,0.0,LTR(LETTER),0.29,False,AR
16-26426-000,3/23/1989,0.0,CONT(CONTRACT),0.29,False,AR
16-26426-000,11/3/1977,6000.0,WD(WARRANTY DEED),0.29,False,AR
16-26427-000,6/18/2012,501.0,SWD(SPECIAL WARRANTY DEED),0.32,False,AR
16-26427-000,9/18/2009,0.0,COMMD(COMMISSIONERS DEED),0.32,False,AR
16-26427-000,1/5/1999,1000.0,WD(WARRANTY DEED),0.32,False,AR
16-26427-000,8/19/1988,6000.0,WD(WARRANTY DEED),0.32,False,AR
16-26428-000,6/20/2024,320000.0,WD(WARRANTY DEED),0.35,True,AR
16-26428-000,1/9/2022,0.0,AFF(AFFIDAVIT),0.35,True,AR
16-26428-000,8/12/2021,236000.0,WD(WARRANTY DEED),0.35,True,AR
16-26428-000,12/18/2019,170000.0,SWD(SPECIAL WARRANTY DEED),0.35,True,AR
16-26428-000,5/31/2019,5000.0,WD(WARRANTY DEED),0.35,True,AR
16-26428-000,9/1/2016,0.0,WD(WARRANTY DEED),0.35,True,AR
16-26428-000,8/10/2016,4000.0,WD(WARRANTY DEED),0.35,True,AR
16-26428-000,11/10/2015,0.0,QCD(QUITCLAIM DEED),0.35,True,AR
16-26428-000,9/21/2010,0.0,WD(WARRANTY DEED),0.35,True,AR
16-26428-000,12/19/1989,7000.0,WD(WARRANTY DEED),0.35,True,AR
16-26429-000,10/17/2023,0.0,WD(WARRANTY DEED),0.29,False,AR
16-26429-000,10/17/2023,0.0,CERT(CERTIFICATE),0.29,False,AR
16-26429-000,3/6/2012,501.0,CWD(CORPORATION WARRANTY DEED),0.29,False,AR
16-26429-000,5/15/2009,0.0,COMMD(COMMISSIONERS DEED),0.29,False,AR
16-26429-000,4/23/2009,0.0,RD(REDEMPTION DEED),0.29,False,AR
16-26429-000,5/2/2002,0.0,RD(REDEMPTION DEED),0.29,False,AR
16-26429-000,2/7/2002,1000.0,WD(WARRANTY DEED),0.29,False,AR
16-26429-000,1/25/2002,0.0,QCD(QUITCLAIM DEED),0.29,False,AR
16-26429-000,11/7/1998,0.0,DC(DEATH CERTIFICATE),0.29,False,AR
16-26429-000,6/14/1994,0.0,QCD(QUITCLAIM DEED),0.29,False,AR
16-26429-000,4/24/1990,5000.0,WD(WARRANTY DEED),0.29,False,AR
16-26430-000,10/22/2007,15000.0,WD(WARRANTY DEED),0.27,False,FL
16-26430-000,12/27/2005,9000.0,WD(WARRANTY DEED),0.27,False,FL
16-26430-000,1/12/1998,0.0,QCD(QUITCLAIM DEED),0.27,False,FL
16-26430-000,1/12/1998,0.0,QCD(QUITCLAIM DEED),0.27,False,FL
16-26430-000,9/26/1994,6000.0,WD(WARRANTY DEED),0.27,False,FL
16-26430-000,8/25/1981,0.0,CONT(CONTRACT),0.27,False,FL
16-26430-000,1/20/1978,0.0,WD(WARRANTY DEED),0.27,False,FL
16-26431-000,5/25/2018,0.0,CORRWD(CORRECTED WARRANTY DEED),0.31,False,AR
16-26431-000,4/6/2018,0.0,SWD(SPECIAL WARRANTY DEED),0.31,False,AR
16-26431-000,3/11/2011,1000.0,COMMD(COMMISSIONERS DEED),0.31,False,AR
16-26431-000,12/13/2005,12000.0,WD(WARRANTY DEED),0.31,False,AR
16-26431-000,9/22/2005,2000.0,WD(WARRANTY DEED),0.31,False,AR
16-26431-000,4/24/1990,4000.0,WD(WARRANTY DEED),0.31,False,AR
16-26432-000,4/21/2008,0.0,DC(DEATH CERTIFICATE),0.32,False,AZ
16-26432-000,6/12/1990,4000.0,WD(WARRANTY DEED),0.32,False,AZ
16-26433-000,10/18/2024,4000.0,WD(WARRANTY DEED),0.31,False,AR
16-26433-000,7/6/2009,0.0,RD(REDEMPTION DEED),0.31,False,AR
16-26433-000,3/8/1996,1000.0,CWD(CORPORATION WARRANTY DEED),0.31,False,AR
16-26433-000,10/19/1995,1000.0,CWD(CORPORATION WARRANTY DEED),0.31,False,AR
16-26433-000,6/21/1995,0.0,WD(WARRANTY DEED),0.31,False,AR
16-26433-000,4/23/1992,1000.0,WD(WARRANTY DEED),0.31,False,AR
16-26433-000,4/15/1985,4000.0,WD(WARRANTY DEED),0.31,False,AR
16-26434-000,12/19/2024,16000.0,WD(WARRANTY DEED),0.36,False,OK
16-26434-000,10/16/2018,0.0,DC(DEATH CERTIFICATE),0.36,False,OK
16-26434-000,12/26/2007,0.0,WD(WARRANTY DEED),0.36,False,OK
16-26434-000,12/26/2007,0.0,MEMO(MEMORANDUM),0.36,False,OK
16-26434-000,3/6/1999,1000.0,SWD(SPECIAL WARRANTY DEED),0.36,False,OK
16-26434-000,12/15/1998,0.0,QCD(QUITCLAIM DEED),0.36,False,OK
16-26434-000,10/16/1991,0.0,DC(DEATH CERTIFICATE),0.36,False,OK
16-26434-000,3/27/1990,4000.0,WD(WARRANTY DEED),0.36,False,OK
16-26435-000,5/4/2022,16000.0,QCD(QUITCLAIM DEED),0.31,False,AR
16-26435-000,2/18/2005,0.0,QCD(QUITCLAIM DEED),0.31,False,AR
16-26435-000,1/30/2002,1000.0,QCD(QUITCLAIM DEED),0.31,False,AR
16-26435-000,10/14/1999,0.0,RD(REDEMPTION DEED),0.31,False,AR
16-26435-000,4/11/1996,1000.0,CWD(CORPORATION WARRANTY DEED),0.31,False,AR
16-26435-000,4/11/1996,1000.0,WD(WARRANTY DEED),0.31,False,AR
16-26435-000,8/20/1990,4000.0,WD(WARRANTY DEED),0.31,False,AR
16-26436-000,6/26/2020,245000.0,WD(WARRANTY DEED),0.35,False,AR
16-26436-000,10/17/2018,1000.0,SWD(SPECIAL WARRANTY DEED),0.35,False,AR
16-26436-000,6/18/2014,0.0,COMMD(COMMISSIONERS DEED),0.35,False,AR
16-26436-000,8/8/2013,0.0,RD(REDEMPTION DEED),0.35,False,AR
16-26436-000,8/20/2009,0.0,QCD(QUITCLAIM DEED),0.35,False,AR
16-26436-000,11/24/2008,0.0,WD(WARRANTY DEED),0.35,False,AR
16-26436-000,9/20/2005,42000.0,CORRWD(CORRECTED WARRANTY DEED),0.35,False,AR
16-26436-000,8/17/2005,42000.0,WD(WARRANTY DEED),0.35,False,AR
16-26436-000,7/21/2005,3000.0,WD(WARRANTY DEED),0.35,False,AR
16-26436-000,6/26/1991,2000.0,WD(WARRANTY DEED),0.35,False,AR
16-26436-000,8/28/1990,2000.0,WD(WARRANTY DEED),0.35,False,AR
16-26436-000,3/12/1990,1000.0,WD(WARRANTY DEED),0.35,False,AR
16-26436-000,2/9/1989,4500.0,WD(WARRANTY DEED),0.35,False,AR
16-26436-000,4/1/1979,0.0,HIST(HISTORICAL),0.35,False,AR
16-26436-000,6/20/1978,0.0,WD(WARRANTY DEED),0.35,False,AR
16-26437-000,6/26/2020,245000.0,WD(WARRANTY DEED),0.33,True,AR
16-26437-000,10/17/2018,1000.0,SWD(SPECIAL WARRANTY DEED),0.33,True,AR
16-26437-000,6/18/2014,0.0,COMMD(COMMISSIONERS DEED),0.33,True,AR
16-26437-000,8/8/2013,0.0,RD(REDEMPTION DEED),0.33,True,AR
16-26437-000,8/20/2009,0.0,QCD(QUITCLAIM DEED),0.33,True,AR
16-26437-000,11/24/2008,0.0,WD(WARRANTY DEED),0.33,True,AR
16-26437-000,2/16/2005,0.0,MEMO(MEMORANDUM),0.33,True,AR
16-26437-000,2/16/2005,1000.0,WD(WARRANTY DEED),0.33,True,AR
16-26437-000,6/28/2004,0.0,DC(DEATH CERTIFICATE),0.33,True,AR
16-26437-000,6/13/2001,0.0,DEED(GRANT DEED),0.33,True,AR
16-26437-000,11/18/1999,0.0,RD(REDEMPTION DEED),0.33,True,AR
16-26437-000,2/9/1989,8000.0,WD(WARRANTY DEED),0.33,True,AR
16-26438-000,11/7/2023,0.0,DEED(GRANT DEED),0.45,False,TX
16-26438-000,5/15/2002,0.0,SWD(SPECIAL WARRANTY DEED),0.45,False,TX
16-26438-000,10/13/2001,0.0,DC(DEATH CERTIFICATE),0.45,False,TX
16-26438-000,10/10/1992,0.0,WD(WARRANTY DEED),0.45,False,TX
16-26438-000,10/29/1986,3000.0,WD(WARRANTY DEED),0.45,False,TX
16-26438-000,10/29/1986,4000.0,WD(WARRANTY DEED),0.45,False,TX
16-26439-000,9/29/2015,0.0,QCD(QUITCLAIM DEED),0.39,False,AR
16-26439-000,10/2/2003,1000.0,QCD(QUITCLAIM DEED),0.39,False,AR
16-26439-000,4/4/2003,0.0,WD(WARRANTY DEED),0.39,False,AR
16-26439-000,11/14/1995,4000.0,WD(WARRANTY DEED),0.39,False,AR
16-26439-000,12/2/1994,5000.0,WD(WARRANTY DEED),0.39,False,AR
16-26439-000,10/18/1990,4500.0,WD(WARRANTY DEED),0.39,False,AR
16-26439-000,4/1/1979,0.0,HIST(HISTORICAL),0.39,False,AR
16-26440-000,3/27/1990,4000.0,WD(WARRANTY DEED),0.35,False,ID
16-26441-000,3/25/2024,0.0,BD(BENEFICIARY DEED),0.34,False,AR
16-26441-000,3/25/2024,0.0,CERT(CERTIFICATE),0.34,False,AR
16-26441-000,10/12/2017,0.0,BD(BENEFICIARY DEED),0.34,False,AR
16-26441-000,3/28/1986,1000.0,WD(WARRANTY DEED),0.34,False,AR
16-26441-000,1/3/1986,500.0,WD(WARRANTY DEED),0.34,False,AR
16-26441-000,12/4/1979,0.0,WD(WARRANTY DEED),0.34,False,AR
16-26442-000,3/21/2014,1000.0,CORRWD(CORRECTED WARRANTY DEED),0.34,False,ID
16-26442-000,5/6/2013,0.0,WD(WARRANTY DEED),0.34,False,ID
16-26442-000,1/25/2013,75000.0,WD(WARRANTY DEED),0.34,False,ID
16-26442-000,3/18/2009,0.0,QCD(QUITCLAIM DEED),0.34,False,ID
16-26442-000,11/24/2008,0.0,WD(WARRANTY DEED),0.34,False,ID
16-26442-000,10/19/2005,5000.0,WD(WARRANTY DEED),0.34,False,ID
16-26442-000,3/18/1992,4000.0,WD(WARRANTY DEED),0.34,False,ID
16-26442-000,1/2/1992,5000.0,WD(WARRANTY DEED),0.34,False,ID
16-26442-000,7/22/1990,5000.0,WD(WARRANTY DEED),0.34,False,ID
16-26443-000,8/15/2024,16000.0,WD(WARRANTY DEED),0.29,False,AR
16-26443-000,7/25/2024,8000.0,WD(WARRANTY DEED),0.29,False,AR
16-26443-000,9/19/1994,1000.0,CWD(CORPORATION WARRANTY DEED),0.29,False,AR
16-26443-000,9/13/1994,1000.0,WD(WARRANTY DEED),0.29,False,AR
16-26443-000,7/30/1992,0.0,DC(DEATH CERTIFICATE),0.29,False,AR
16-26443-000,7/30/1992,1000.0,WD(WARRANTY DEED),0.29,False,AR
16-26443-000,7/30/1992,1000.0,WD(WARRANTY DEED),0.29,False,AR
16-26443-000,2/2/1983,0.0,WD(WARRANTY DEED),0.29,False,AR
16-26444-000,7/12/1994,1000.0,CWD(CORPORATION WARRANTY DEED),0.35,False,AR
16-26444-000,7/12/1994,1000.0,WD(WARRANTY DEED),0.35,False,AR
16-26444-000,4/1/1993,4000.0,WD(WARRANTY DEED),0.35,False,AR
16-26444-000,4/1/1979,0.0,HIST(HISTORICAL),0.35,False,AR
16-26445-000,3/20/2021,345000.0,WD(WARRANTY DEED),1.02,True,MO
16-26445-000,8/20/2020,0.0,QCD(QUITCLAIM DEED),1.02,True,MO
16-26445-000,12/13/2018,18500.0,WD(WARRANTY DEED),1.02,True,MO
16-26445-000,12/9/2009,10000.0,CWD(CORPORATION WARRANTY DEED),1.02,True,MO
16-26445-000,3/23/2006,15000.0,WD(WARRANTY DEED),1.02,True,MO
16-26445-000,5/11/1990,5000.0,WD(WARRANTY DEED),1.02,True,MO
16-26446-000,5/14/2019,0.0,WD(WARRANTY DEED),0.32,False,AR
16-26446-000,4/19/2019,0.0,QCD(QUITCLAIM DEED),0.32,False,AR
16-26446-000,6/24/2016,0.0,LWD(LIMITED WARRANTY DEED),0.32,False,AR
16-26446-000,10/5/2011,0.0,QCD(QUITCLAIM DEED),0.32,False,AR
16-26446-000,10/5/2011,1693333.0,CORRQC(CORRECTED QUIT CLAIM DEED),0.32,False,AR
16-26446-000,11/24/2008,0.0,WD(WARRANTY DEED),0.32,False,AR
16-26446-000,9/27/2005,5000.0,WD(WARRANTY DEED),0.32,False,AR
16-26446-000,7/15/1993,2000.0,WD(WARRANTY DEED),0.32,False,AR
16-26446-000,3/19/1992,0.0,DC(DEATH CERTIFICATE),0.32,False,AR
16-26446-000,2/1/1978,5000.0,WD(WARRANTY DEED),0.32,False,AR
16-26447-000,12/13/2005,7000.0,WD(WARRANTY DEED),0.28,False,SC
16-26447-000,8/25/1989,5000.0,WD(WARRANTY DEED),0.28,False,SC
16-26448-000,12/5/2016,0.0,OR(ORDER),0.25,False,AR
16-26448-000,4/23/2016,0.0,DC(DEATH CERTIFICATE),0.25,False,AR
16-26448-000,7/9/2009,0.0,QCD(QUITCLAIM DEED),0.25,False,AR
16-26448-000,11/14/1994,1000.0,WD(WARRANTY DEED),0.25,False,AR
16-26448-000,4/10/1990,5000.0,WD(WARRANTY DEED),0.25,False,AR
16-26449-000,2/13/2020,1000.0,SWD(SPECIAL WARRANTY DEED),0.25,False,AR
16-26449-000,12/31/2019,0.0,QCD(QUITCLAIM DEED),0.25,False,AR
16-26449-000,2/4/2018,0.0,DC(DEATH CERTIFICATE),0.25,False,AR
16-26449-000,8/16/2003,0.0,DC(DEATH CERTIFICATE),0.25,False,AR
16-26449-000,1/7/1985,4000.0,WD(WARRANTY DEED),0.25,False,AR
16-26450-000,6/30/2022,525000.0,WD(WARRANTY DEED),0.25,True,AR
16-26450-000,11/18/2021,0.0,BD(BENEFICIARY DEED),0.25,True,AR
16-26450-000,3/20/2006,10000.0,WD(WARRANTY DEED),0.25,True,AR
16-26450-000,1/14/2004,0.0,DC(DEATH CERTIFICATE),0.25,True,AR
16-26450-000,4/23/1997,0.0,DC(DEATH CERTIFICATE),0.25,True,AR
16-26450-000,7/7/1983,5000.0,WD(WARRANTY DEED),0.25,True,AR
16-26451-000,6/30/2022,525000.0,WD(WARRANTY DEED),0.26,True,AR
16-26451-000,11/18/2021,0.0,BD(BENEFICIARY DEED),0.26,True,AR
16-26451-000,5/24/2007,0.0,QCD(QUITCLAIM DEED),0.26,True,AR
16-26451-000,3/20/2006,10000.0,WD(WARRANTY DEED),0.26,True,AR
16-26451-000,8/8/2001,0.0,QCD(QUITCLAIM DEED),0.26,True,AR
16-26451-000,8/8/2001,6000.0,WD(WARRANTY DEED),0.26,True,AR
16-26451-000,5/27/1990,0.0,CONT(CONTRACT),0.26,True,AR
16-26451-000,4/24/1990,4000.0,WD(WARRANTY DEED),0.26,True,AR
16-26452-000,8/15/2005,0.0,WD(WARRANTY DEED),0.25,False,TX
16-26452-000,12/1/1987,0.0,WD(WARRANTY DEED),0.25,False,TX
16-26452-000,1/24/1983,0.0,WD(WARRANTY DEED),0.25,False,TX
16-26453-000,3/2/2020,364000.0,WD(WARRANTY DEED),0.26,False,AR
16-26453-000,1/23/2017,342000.0,WD(WARRANTY DEED),0.26,False,AR
16-26453-000,9/26/2011,0.0,WD(WARRANTY DEED),0.26,False,AR
16-26453-000,9/23/2011,0.0,QCD(QUITCLAIM DEED),0.26,False,AR
16-26453-000,7/26/2007,0.0,QCD(QUITCLAIM DEED),0.26,False,AR
16-26453-000,4/25/2006,8000.0,WD(WARRANTY DEED),0.26,False,AR
16-26453-000,6/1/2004,0.0,WD(WARRANTY DEED),0.26,False,AR
16-26453-000,1/14/1999,0.0,WD(WARRANTY DEED),0.26,False,AR
16-26453-000,8/10/1993,1000.0,WD(WARRANTY DEED),0.26,False,AR
16-26453-000,9/29/1989,5000.0,WD(WARRANTY DEED),0.26,False,AR
16-26454-000,3/2/2020,364000.0,WD(WARRANTY DEED),0.26,True,AR
16-26454-000,1/23/2017,342000.0,WD(WARRANTY DEED),0.26,True,AR
16-26454-000,9/26/2011,284000.0,WD(WARRANTY DEED),0.26,True,AR
16-26454-000,1/5/2006,0.0,QCD(QUITCLAIM DEED),0.26,True,AR
16-26454-000,1/5/2006,7000.0,WD(WARRANTY DEED),0.26,True,AR
16-26454-000,6/29/2004,0.0,QCD(QUITCLAIM DEED),0.26,True,AR
16-26454-000,11/20/2000,0.0,RD(REDEMPTION DEED),0.26,True,AR
16-26454-000,3/13/2000,1000.0,WD(WARRANTY DEED),0.26,True,AR
16-26454-000,2/16/2000,0.0,QCD(QUITCLAIM DEED),0.26,True,AR
16-26454-000,10/6/1992,6000.0,WD(WARRANTY DEED),0.26,True,AR
16-26454-000,5/9/1991,0.0,WD(WARRANTY DEED),0.26,True,AR
16-26454-000,7/6/1988,6000.0,WD(WARRANTY DEED),0.26,True,AR
16-26454-001,4/23/2019,300000.0,WD(WARRANTY DEED),1.14,True,AR
16-26454-001,9/1/2011,169000.0,WD(WARRANTY DEED),1.14,True,AR
16-26454-001,12/10/2009,0.0,EA(EASEMENT),1.14,True,AR
16-26454-001,3/22/2005,5000.0,WD(WARRANTY DEED),1.14,True,AR
16-26455-000,1/3/1978,0.0,SWD(SPECIAL WARRANTY DEED),14.01,False,AR
16-26456-000,90,18.0,18,0.76,False,AR
16-26456-000,0,0.0,0,0.76,False,AR
16-26456-000,90,18.0,18,0.76,False,AR
16-26456-000,,18.0,18,0.76,False,AR
16-26456-000,,0.06193,0.06193,0.76,False,AR
16-26456-000,,0.15,0.15,0.76,False,AR
16-26456-001,0,0.0,0,7.19,False,AR
16-26456-001,0,0.0,0,7.19,False,AR
16-26456-001,0,0.0,0,7.19,False,AR
16-26456-001,,0.0,0,7.19,False,AR
16-26456-001,,0.06193,0.06193,7.19,False,AR
16-26459-000,1/26/2024,0.0,PP(PARENT PARCEL (FOR SPLIT)),1.09,True,AR
16-26459-000,6/17/2021,0.0,QCD(QUITCLAIM DEED),1.09,True,AR
16-26459-000,10/19/2018,327000.0,WD(WARRANTY DEED),1.09,True,AR
16-26459-000,10/4/2018,0.0,QCD(QUITCLAIM DEED),1.09,True,AR
16-26459-000,1/27/2011,225000.0,WD(WARRANTY DEED),1.09,True,AR
16-26459-000,8/12/2005,3000.0,WD(WARRANTY DEED),1.09,True,AR
16-26459-000,3/16/2005,3000.0,WD(WARRANTY DEED),1.09,True,AR
16-26459-000,11/18/1994,6000.0,WD(WARRANTY DEED),1.09,True,AR
16-26459-000,7/27/1987,0.0,WD(WARRANTY DEED),1.09,True,AR
16-26459-000,5/23/1987,0.0,CONT(CONTRACT),1.09,True,AR
16-26459-000,7/21/1984,0.0,DC(DEATH CERTIFICATE),1.09,True,AR
16-26459-000,7/15/1983,0.0,WD(WARRANTY DEED),1.09,True,AR
16-26459-001,1/26/2024,0.0,OTHER(OTHER DOCUMENT),0.51,False,AR
16-26463-000,11/5/2017,601.0,QCD(QUITCLAIM DEED),0.23,False,CA
16-26463-000,7/13/2017,0.0,LWD(LIMITED WARRANTY DEED),0.23,False,CA
16-26463-000,6/21/1995,0.0,QCD(QUITCLAIM DEED),0.23,False,CA
16-26463-000,6/8/1992,0.0,CORRWD(CORRECTED WARRANTY DEED),0.23,False,CA
16-26463-000,5/5/1992,1000.0,WD(WARRANTY DEED),0.23,False,CA
16-26463-000,2/28/1992,0.0,WD(WARRANTY DEED),0.23,False,CA
16-26463-000,1/27/1984,0.0,WD(WARRANTY DEED),0.23,False,CA
16-26464-000,5/16/2017,126000.0,WD(WARRANTY DEED),0.27,True,AR
16-26464-000,6/25/2009,103000.0,WD(WARRANTY DEED),0.27,True,AR
16-26464-000,5/13/2009,0.0,COMMD(COMMISSIONERS DEED),0.27,True,AR
16-26464-000,3/6/2006,0.0,CORRWD(CORRECTED WARRANTY DEED),0.27,True,AR
16-26464-000,2/16/2006,203000.0,WD(WARRANTY DEED),0.27,True,AR
16-26464-000,2/16/2006,0.0,WD(WARRANTY DEED),0.27,True,AR
16-26464-000,8/5/2005,3000.0,WD(WARRANTY DEED),0.27,True,AR
16-26464-000,11/30/1994,0.0,QCD(QUITCLAIM DEED),0.27,True,AR
16-26464-000,12/16/1982,6000.0,WD(WARRANTY DEED),0.27,True,AR
16-26465-000,7/15/2019,1750.0,SWD(SPECIAL WARRANTY DEED),0.28,False,AR
16-26465-000,8/4/2016,0.0,COMMD(COMMISSIONERS DEED),0.28,False,AR
16-26465-000,3/29/2016,0.0,RD(REDEMPTION DEED),0.28,False,AR
16-26465-000,6/5/2012,0.0,RD(REDEMPTION DEED),0.28,False,AR
16-26465-000,8/14/2006,0.0,QCD(QUITCLAIM DEED),0.28,False,AR
16-26465-000,8/14/2006,6000.0,WD(WARRANTY DEED),0.28,False,AR
16-26465-000,7/25/1994,1000.0,WD(WARRANTY DEED),0.28,False,AR
16-26465-000,12/5/1990,5000.0,WD(WARRANTY DEED),0.28,False,AR
16-26465-000,4/23/1990,0.0,CONT(CONTRACT),0.28,False,AR
16-26465-000,2/11/1988,0.0,CONT(CONTRACT),0.28,False,AR
16-26465-000,7/31/1987,0.0,CONT(CONTRACT),0.28,False,AR
16-26465-000,12/15/1983,0.0,WD(WARRANTY DEED),0.28,False,AR
16-26465-000,5/31/1983,0.0,CONT(CONTRACT),0.28,False,AR
16-26465-000,1/27/1981,0.0,CONT(CONTRACT),0.28,False,AR
16-26466-000,7/28/2023,0.0,LWD(LIMITED WARRANTY DEED),0.27,False,
16-26466-000,1/26/2011,7000.0,WD(WARRANTY DEED),0.27,False,
16-26466-000,12/1/2010,0.0,WD(WARRANTY DEED),0.27,False,
16-26466-000,5/26/2010,0.0,CWD(CORPORATION WARRANTY DEED),0.27,False,
16-26466-000,12/28/2005,2000.0,WD(WARRANTY DEED),0.27,False,
16-26466-000,12/27/2005,0.0,MEMO(MEMORANDUM),0.27,False,
16-26466-000,3/29/1994,0.0,WD(WARRANTY DEED),0.27,False,
16-26466-000,5/17/1989,6500.0,WD(WARRANTY DEED),0.27,False,
16-26466-000,7/18/1983,0.0,CONT(CONTRACT),0.27,False,
16-26466-000,7/22/1975,6000.0,WD(WARRANTY DEED),0.27,False,
16-26467-000,6/25/2009,133000.0,WD(WARRANTY DEED),0.27,True,AR
16-26467-000,5/13/2009,0.0,COMMD(COMMISSIONERS DEED),0.27,True,AR
16-26467-000,3/6/2006,0.0,CORRWD(CORRECTED WARRANTY DEED),0.27,True,AR
16-26467-000,2/16/2006,203000.0,WD(WARRANTY DEED),0.27,True,AR
16-26467-000,2/16/2006,0.0,WD(WARRANTY DEED),0.27,True,AR
16-26467-000,9/23/2005,2000.0,WD(WARRANTY DEED),0.27,True,AR
16-26467-000,8/12/1996,0.0,DC(DEATH CERTIFICATE),0.27,True,AR
16-26467-000,6/1/1989,6000.0,WD(WARRANTY DEED),0.27,True,AR
16-26467-000,10/13/1986,6000.0,WD(WARRANTY DEED),0.27,True,AR
16-26467-000,7/12/1983,6000.0,WD(WARRANTY DEED),0.27,True,AR
16-26468-000,11/14/2014,4200.0,WD(WARRANTY DEED),1.17,False,IL
16-26468-000,1/20/2005,0.0,WD(WARRANTY DEED),1.17,False,IL
16-26468-000,9/12/1986,4000.0,WD(WARRANTY DEED),1.17,False,IL
16-26468-000,8/1/1977,0.0,HIST(HISTORICAL),1.17,False,IL
16-26469-000,11/23/2021,0.0,BD(BENEFICIARY DEED),0.34,False,AR
16-26469-000,5/7/2010,5000.0,WD(WARRANTY DEED),0.34,False,AR
16-26469-000,1/24/2005,1000.0,TRD(TRUSTEES DEED),0.34,False,AR
16-26469-000,5/7/1993,0.0,WD(WARRANTY DEED),0.34,False,AR
16-26469-000,1/2/1991,0.0,QCD(QUITCLAIM DEED),0.34,False,AR
16-26469-000,9/28/1987,0.0,WD(WARRANTY DEED),0.34,False,AR
16-26469-000,10/20/1976,6000.0,WD(WARRANTY DEED),0.34,False,AR
16-26470-000,11/23/2021,0.0,BD(BENEFICIARY DEED),0.36,True,AR
16-26470-000,6/25/2009,125000.0,WD(WARRANTY DEED),0.36,True,AR
16-26470-000,5/13/2009,0.0,COMMD(COMMISSIONERS DEED),0.36,True,AR
16-26470-000,3/6/2006,0.0,CORRWD(CORRECTED WARRANTY DEED),0.36,True,AR
16-26470-000,2/16/2006,203000.0,WD(WARRANTY DEED),0.36,True,AR
16-26470-000,2/16/2006,0.0,WD(WARRANTY DEED),0.36,True,AR
16-26470-000,9/22/2005,4000.0,WD(WARRANTY DEED),0.36,True,AR
16-26470-000,9/16/2005,2000.0,WD(WARRANTY DEED),0.36,True,AR
16-26470-000,9/7/1989,0.0,CONT(CONTRACT),0.36,True,AR
16-26470-000,6/2/1989,0.0,CONT(CONTRACT),0.36,True,AR
16-26470-000,6/7/1988,0.0,CONT(CONTRACT),0.36,True,AR
16-26470-000,1/8/1988,0.0,WD(WARRANTY DEED),0.36,True,AR
16-26470-000,9/6/1983,6000.0,WD(WARRANTY DEED),0.36,True,AR
16-26471-000,5/24/2017,1500.0,SWD(SPECIAL WARRANTY DEED),0.27,False,TX
16-26471-000,5/17/2017,7000.0,QCD(QUITCLAIM DEED),0.27,False,TX
16-26471-000,6/7/2013,0.0,QCD(QUITCLAIM DEED),0.27,False,TX
16-26471-000,1/3/2013,0.0,RD(REDEMPTION DEED),0.27,False,TX
16-26471-000,7/12/2001,1000.0,QCD(QUITCLAIM DEED),0.27,False,TX
16-26471-000,7/12/2001,0.0,QCD(QUITCLAIM DEED),0.27,False,TX
16-26471-000,8/16/1999,0.0,WD(WARRANTY DEED),0.27,False,TX
16-26471-000,2/8/1984,6000.0,WD(WARRANTY DEED),0.27,False,TX
16-26472-000,4/9/2021,0.0,LWD(LIMITED WARRANTY DEED),0.27,False,FL
16-26472-000,9/9/1983,0.0,WD(WARRANTY DEED),0.27,False,FL
16-26473-000,11/18/1983,5000.0,WD(WARRANTY DEED),0.29,False,AZ
16-26474-000,8/24/2021,5000.0,SWD(SPECIAL WARRANTY DEED),0.27,False,IL
16-26474-000,3/25/2021,0.0,LWD(LIMITED WARRANTY DEED),0.27,False,IL
16-26474-000,8/28/2009,1451000.0,QCD(QUITCLAIM DEED),0.27,False,IL
16-26474-000,8/21/2009,402000.0,DEED(GRANT DEED),0.27,False,IL
16-26474-000,9/15/2008,0.0,DEED(GRANT DEED),0.27,False,IL
16-26474-000,12/19/2005,8000.0,WD(WARRANTY DEED),0.27,False,IL
16-26474-000,9/17/2004,0.0,COMMD(COMMISSIONERS DEED),0.27,False,IL
16-26474-000,11/25/1997,1000.0,WD(WARRANTY DEED),0.27,False,IL
16-26474-000,12/5/1983,0.0,WD(WARRANTY DEED),0.27,False,IL
16-26475-000,7/15/2019,1250.0,SWD(SPECIAL WARRANTY DEED),0.28,False,AR
16-26475-000,8/28/2014,0.0,COMMD(COMMISSIONERS DEED),0.28,False,AR
16-26475-000,6/20/2014,0.0,RD(REDEMPTION DEED),0.28,False,AR
16-26475-000,3/7/2005,2000.0,WD(WARRANTY DEED),0.28,False,AR
16-26475-000,7/26/1982,0.0,WD(WARRANTY DEED),0.28,False,AR
16-26476-000,4/10/2025,10500.0,WD(WARRANTY DEED),0.33,False,MB
16-26476-000,4/16/2023,0.0,DC(DEATH CERTIFICATE),0.33,False,MB
16-26476-000,8/27/1991,5000.0,WD(WARRANTY DEED),0.33,False,MB
16-26476-000,6/12/1990,0.0,CONT(CONTRACT),0.33,False,MB
16-26476-000,6/29/1988,0.0,QCD(QUITCLAIM DEED),0.33,False,MB
16-26476-000,3/5/1986,0.0,CONT(CONTRACT),0.33,False,MB
16-26476-000,12/27/1981,0.0,CONT(CONTRACT),0.33,False,MB
16-26477-000,9/30/2020,4000.0,TRWD(TRUSTEES WARRANTY DEED),0.27,False,MO
16-26477-000,1/6/2018,0.0,DC(DEATH CERTIFICATE),0.27,False,MO
16-26477-000,10/23/2017,0.0,CERT(CERTIFICATE),0.27,False,MO
16-26477-000,10/23/2017,0.0,WD(WARRANTY DEED),0.27,False,MO
16-26477-000,2/18/1988,2000.0,WD(WARRANTY DEED),0.27,False,MO
16-26477-000,12/11/1987,1000.0,WD(WARRANTY DEED),0.27,False,MO
16-26477-000,1/31/1985,0.0,CONT(CONTRACT),0.27,False,MO
16-26477-000,7/13/1976,6000.0,WD(WARRANTY DEED),0.27,False,MO
16-26477-000,1/1/1800,0.0,ML(MARRIAGE LICENSE),0.27,False,MO
16-26478-000,9/2/2024,0.0,ADHL(AR DEPT OF HEALTH LIST),0.27,False,AR
16-26478-000,4/15/2010,15000.0,WD(WARRANTY DEED),0.27,False,AR
16-26478-000,4/7/2010,8000.0,QCD(QUITCLAIM DEED),0.27,False,AR
16-26478-000,4/7/2010,0.0,QCD(QUITCLAIM DEED),0.27,False,AR
16-26478-000,6/29/2009,12000.0,WD(WARRANTY DEED),0.27,False,AR
16-26478-000,5/13/2009,0.0,COMMD(COMMISSIONERS DEED),0.27,False,AR
16-26478-000,3/6/2006,0.0,CORRWD(CORRECTED WARRANTY DEED),0.27,False,AR
16-26478-000,2/16/2006,203000.0,WD(WARRANTY DEED),0.27,False,AR
16-26478-000,2/16/2006,0.0,WD(WARRANTY DEED),0.27,False,AR
16-26478-000,3/7/2005,3000.0,WD(WARRANTY DEED),0.27,False,AR
16-26478-000,9/6/1983,6000.0,WD(WARRANTY DEED),0.27,False,AR
16-26479-000,5/25/2024,13000.0,WD(WARRANTY DEED),0.29,False,AR
16-26479-000,5/17/2024,0.0,QCD(QUITCLAIM DEED),0.29,False,AR
16-26479-000,4/16/2024,4000.0,WD(WARRANTY DEED),0.29,False,AR
16-26479-000,2/20/2024,0.0,QCD(QUITCLAIM DEED),0.29,False,AR
16-26479-000,1/25/2017,0.0,RD(REDEMPTION DEED),0.29,False,AR
16-26479-000,12/3/2002,1000.0,WD(WARRANTY DEED),0.29,False,AR
16-26479-000,2/18/2000,1000.0,WD(WARRANTY DEED),0.29,False,AR
16-26479-000,9/14/1988,0.0,DC(DEATH CERTIFICATE),0.29,False,AR
16-26479-000,11/18/1982,7000.0,WD(WARRANTY DEED),0.29,False,AR
16-26480-000,9/2/2024,0.0,ADHL(AR DEPT OF HEALTH LIST),0.23,True,AR
16-26480-000,3/18/2010,140000.0,WD(WARRANTY DEED),0.23,True,AR
16-26480-000,8/7/2009,2000.0,WD(WARRANTY DEED),0.23,True,AR
16-26480-000,6/29/2009,12000.0,WD(WARRANTY DEED),0.23,True,AR
16-26480-000,5/13/2009,0.0,COMMD(COMMISSIONERS DEED),0.23,True,AR
16-26480-000,8/23/2007,0.0,POA(POWER OF ATTORNEY),0.23,True,AR
16-26480-000,8/20/2007,0.0,POA(POWER OF ATTORNEY),0.23,True,AR
16-26480-000,3/6/2006,0.0,CORRWD(CORRECTED WARRANTY DEED),0.23,True,AR
16-26480-000,2/16/2006,203000.0,WD(WARRANTY DEED),0.23,True,AR
16-26480-000,2/16/2006,0.0,WD(WARRANTY DEED),0.23,True,AR
16-26480-000,3/7/2005,3000.0,WD(WARRANTY DEED),0.23,True,AR
16-26480-000,5/16/1990,0.0,QCD(QUITCLAIM DEED),0.23,True,AR
16-26480-000,3/30/1990,3000.0,WD(WARRANTY DEED),0.23,True,AR
16-26480-000,9/25/1981,7000.0,WD(WARRANTY DEED),0.23,True,AR
16-26480-000,9/8/1981,0.0,CONT(CONTRACT),0.23,True,AR
16-26481-000,1/23/2025,6000.0,TRWD(TRUSTEES WARRANTY DEED),0.26,False,NV
16-26481-000,4/26/2024,0.0,CERT(CERTIFICATE),0.26,False,NV
16-26481-000,4/1/2024,0.0,DC(DEATH CERTIFICATE),0.26,False,NV
16-26481-000,11/21/2022,0.0,SWD(SPECIAL WARRANTY DEED),0.26,False,NV
16-26481-000,11/21/2022,0.0,CERT(CERTIFICATE),0.26,False,NV
16-26481-000,1/24/1990,1000.0,WD(WARRANTY DEED),0.26,False,NV
16-26481-000,10/28/1988,0.0,WD(WARRANTY DEED),0.26,False,NV
16-26481-000,3/29/1988,2000.0,WD(WARRANTY DEED),0.26,False,NV
16-26481-000,3/18/1985,6000.0,WD(WARRANTY DEED),0.26,False,NV
16-26481-000,7/1/1975,0.0,HIST(HISTORICAL),0.26,False,NV
16-26482-000,7/14/2022,0.0,DEC(DECREE),0.27,True,AR
16-26482-000,10/9/2020,0.0,QCD(QUITCLAIM DEED),0.27,True,AR
16-26482-000,2/1/2017,155000.0,WD(WARRANTY DEED),0.27,True,AR
16-26482-000,11/17/2006,0.0,DC(DEATH CERTIFICATE),0.27,True,AR
16-26482-000,12/30/2004,137000.0,WD(WARRANTY DEED),0.27,True,AR
16-26482-000,4/7/1998,96000.0,WD(WARRANTY DEED),0.27,True,AR
16-26482-000,5/12/1997,1000.0,WD(WARRANTY DEED),0.27,True,AR
16-26482-000,5/12/1997,0.0,QCD(QUITCLAIM DEED),0.27,True,AR
16-26482-000,5/29/1991,0.0,QCD(QUITCLAIM DEED),0.27,True,AR
16-26482-000,8/2/1983,6000.0,WD(WARRANTY DEED),0.27,True,AR
16-26483-000,3/16/2018,0.0,WD(WARRANTY DEED),0.26,False,AR
16-26483-000,3/13/2018,0.0,POA(POWER OF ATTORNEY),0.26,False,AR
16-26483-000,5/3/2016,0.0,WD(WARRANTY DEED),0.26,False,AR
16-26483-000,12/11/2015,0.0,LWD(LIMITED WARRANTY DEED),0.26,False,AR
16-26483-000,7/13/2007,189000.0,WD(WARRANTY DEED),0.26,False,AR
16-26483-000,11/4/2004,1000.0,WD(WARRANTY DEED),0.26,False,AR
16-26483-000,10/14/2004,2000.0,WD(WARRANTY DEED),0.26,False,AR
16-26483-000,10/7/2004,0.0,TRD(TRUSTEES DEED),0.26,False,AR
16-26483-000,1/18/1996,0.0,WD(WARRANTY DEED),0.26,False,AR
16-26483-000,1/18/1996,0.0,MEMO(MEMORANDUM),0.26,False,AR
16-26483-000,9/26/1991,0.0,WD(WARRANTY DEED),0.26,False,AR
16-26483-000,9/12/1990,1000.0,WD(WARRANTY DEED),0.26,False,AR
16-26483-000,4/10/1985,0.0,DC(DEATH CERTIFICATE),0.26,False,AR
16-26483-000,5/31/1983,0.0,CONT(CONTRACT),0.26,False,AR
16-26483-000,11/30/1976,7000.0,WD(WARRANTY DEED),0.26,False,AR
16-26484-000,3/16/2018,210000.0,WD(WARRANTY DEED),0.26,True,AR
16-26484-000,3/13/2018,0.0,POA(POWER OF ATTORNEY),0.26,True,AR
16-26484-000,5/3/2016,182000.0,WD(WARRANTY DEED),0.26,True,AR
16-26484-000,10/20/2015,0.0,SWD(SPECIAL WARRANTY DEED),0.26,True,AR
16-26484-000,4/30/2015,0.0,MTG-D(MORTGAGEE'S DEED),0.26,True,AR
16-26484-000,5/26/2009,0.0,CORRQC(CORRECTED QUIT CLAIM DEED),0.26,True,AR
16-26484-000,7/13/2007,189000.0,WD(WARRANTY DEED),0.26,True,AR
16-26484-000,1/19/2005,0.0,QCD(QUITCLAIM DEED),0.26,True,AR
16-26484-000,1/19/2005,0.0,QCD(QUITCLAIM DEED),0.26,True,AR
16-26484-000,4/19/2004,0.0,QCD(QUITCLAIM DEED),0.26,True,AR
16-26484-000,3/1/2004,0.0,QCD(QUITCLAIM DEED),0.26,True,AR
16-26484-000,3/13/2000,1000.0,WD(WARRANTY DEED),0.26,True,AR
16-26484-000,2/16/2000,0.0,QCD(QUITCLAIM DEED),0.26,True,AR
16-26484-000,8/1/1983,6000.0,WD(WARRANTY DEED),0.26,True,AR
16-26485-000,2/18/2022,0.0,AFF(AFFIDAVIT),0.27,True,AR
16-26485-000,4/11/2012,0.0,QCD(QUITCLAIM DEED),0.27,True,AR
16-26485-000,7/14/2011,80000.0,WD(WARRANTY DEED),0.27,True,AR
16-26485-000,1/21/2011,45000.0,SWD(SPECIAL WARRANTY DEED),0.27,True,AR
16-26485-000,1/25/2010,0.0,MTG-D(MORTGAGEE'S DEED),0.27,True,AR
16-26485-000,7/25/2005,0.0,CORRQC(CORRECTED QUIT CLAIM DEED),0.27,True,AR
16-26485-000,3/17/2004,0.0,RD(REDEMPTION DEED),0.27,True,AR
16-26485-000,2/20/2004,0.0,QCD(QUITCLAIM DEED),0.27,True,AR
16-26485-000,4/30/1999,0.0,QCD(QUITCLAIM DEED),0.27,True,AR
16-26485-000,4/9/1999,1000.0,WD(WARRANTY DEED),0.27,True,AR
16-26485-000,6/21/1996,0.0,CORRWD(CORRECTED WARRANTY DEED),0.27,True,AR
16-26485-000,6/3/1996,0.0,WD(WARRANTY DEED),0.27,True,AR
16-26485-000,8/29/1991,0.0,CONT(CONTRACT),0.27,True,AR
16-26485-000,8/5/1986,5500.0,CONT(CONTRACT),0.27,True,AR
16-26485-000,1/30/1981,6000.0,WD(WARRANTY DEED),0.27,True,AR
16-26486-000,8/24/2023,0.0,BD(BENEFICIARY DEED),0.26,False,AR
16-26486-000,7/15/2002,550.0,WD(WARRANTY DEED),0.26,False,AR
16-26486-000,7/3/1991,1000.0,WD(WARRANTY DEED),0.26,False,AR
16-26486-000,5/23/1991,0.0,WD(WARRANTY DEED),0.26,False,AR
16-26486-000,5/23/1991,0.0,TRAG(TRUST AGREEMENT),0.26,False,AR
16-26486-000,5/22/1991,0.0,DC(DEATH CERTIFICATE),0.26,False,AR
16-26486-000,6/29/1990,6000.0,WD(WARRANTY DEED),0.26,False,AR
16-26487-000,11/5/2020,0.0,CERT(CERTIFICATE),0.25,True,MO
16-26487-000,11/2/2019,0.0,DC(DEATH CERTIFICATE),0.25,True,MO
16-26487-000,11/2/2019,0.0,DC(DEATH CERTIFICATE),0.25,True,MO
16-26487-000,1/10/2019,125000.0,WD(WARRANTY DEED),0.25,True,MO
16-26487-000,9/9/2005,3000.0,WD(WARRANTY DEED),0.25,True,MO
16-26487-000,4/20/1998,0.0,DC(DEATH CERTIFICATE),0.25,True,MO
16-26487-000,8/1/1978,0.0,HIST(HISTORICAL),0.25,True,MO
16-26488-000,10/9/2019,1000.0,WD(WARRANTY DEED),0.25,False,AR
16-26488-000,10/9/2019,0.0,CORRQC(CORRECTED QUIT CLAIM DEED),0.25,False,AR
16-26488-000,4/25/2016,0.0,QCD(QUITCLAIM DEED),0.25,False,AR
16-26488-000,8/19/2011,0.0,QCD(QUITCLAIM DEED),0.25,False,AR
16-26488-000,8/19/2011,0.0,QCD(QUITCLAIM DEED),0.25,False,AR
16-26488-000,6/23/2008,0.0,EXD(EXECUTOR-EXECUTRIX DEED),0.25,False,AR
16-26488-000,8/21/1995,0.0,DC(DEATH CERTIFICATE),0.25,False,AR
16-26488-000,9/21/1987,0.0,CONT(CONTRACT),0.25,False,AR
16-26488-000,5/1/1982,0.0,CONT(CONTRACT),0.25,False,AR
16-26488-000,8/20/1976,6000.0,WD(WARRANTY DEED),0.25,False,AR
16-26489-000,9/1/2009,0.0,QCD(QUITCLAIM DEED),0.24,False,KS
16-26489-000,5/10/2004,1000.0,WD(WARRANTY DEED),0.24,False,KS
16-26489-000,7/21/1992,0.0,WD(WARRANTY DEED),0.24,False,KS
16-26489-000,7/6/1983,6000.0,WD(WARRANTY DEED),0.24,False,KS
16-26490-000,9/1/2009,0.0,QCD(QUITCLAIM DEED),0.25,False,KS
16-26490-000,5/10/2004,1000.0,WD(WARRANTY DEED),0.25,False,KS
16-26491-000,12/20/2019,1000.0,WD(WARRANTY DEED),0.25,False,AR
16-26491-000,12/16/2019,0.0,AFF(AFFIDAVIT),0.25,False,AR
16-26491-000,12/16/2019,0.0,AFF(AFFIDAVIT),0.25,False,AR
16-26491-000,3/24/2012,0.0,DC(DEATH CERTIFICATE),0.25,False,AR
16-26491-000,2/19/2005,0.0,DC(DEATH CERTIFICATE),0.25,False,AR
16-26491-000,11/22/1983,6000.0,WD(WARRANTY DEED),0.25,False,AR
16-26492-000,10/5/2011,0.0,QCD(QUITCLAIM DEED),0.28,False,AR
16-26492-000,10/5/2011,1693333.0,CORRQC(CORRECTED QUIT CLAIM DEED),0.28,False,AR
16-26492-000,11/24/2008,0.0,WD(WARRANTY DEED),0.28,False,AR
16-26492-000,8/26/2005,0.0,WD(WARRANTY DEED),0.28,False,AR
16-26492-000,8/26/2005,8000.0,QCD(QUITCLAIM DEED),0.28,False,AR
16-26492-000,5/21/1984,0.0,WD(WARRANTY DEED),0.28,False,AR
16-26492-000,11/15/1983,0.0,WD(WARRANTY DEED),0.28,False,AR
16-26493-000,5/12/2014,10.0,WD(WARRANTY DEED),0.32,False,MD
16-26493-000,9/19/2012,1000.0,SWD(SPECIAL WARRANTY DEED),0.32,False,MD
16-26493-000,3/11/2011,0.0,COMMD(COMMISSIONERS DEED),0.32,False,MD
16-26493-000,12/13/2005,12000.0,WD(WARRANTY DEED),0.32,False,MD
16-26493-000,9/29/2005,3000.0,WD(WARRANTY DEED),0.32,False,MD
16-26493-000,6/6/1992,0.0,ML(MARRIAGE LICENSE),0.32,False,MD
16-26493-000,3/3/1992,0.0,QCD(QUITCLAIM DEED),0.32,False,MD
16-26493-000,7/13/1976,6000.0,WD(WARRANTY DEED),0.32,False,MD
16-26494-000,10/1/2024,10000.0,WD(WARRANTY DEED),0.29,False,AR
16-26494-000,7/3/2006,8000.0,WD(WARRANTY DEED),0.29,False,AR
16-26494-000,3/23/2006,6000.0,CORRWD(CORRECTED WARRANTY DEED),0.29,False,AR
16-26494-000,3/23/2006,6000.0,WD(WARRANTY DEED),0.29,False,AR
16-26494-000,7/2/2003,1000.0,QCD(QUITCLAIM DEED),0.29,False,AR
16-26494-000,4/7/2003,0.0,LWD(LIMITED WARRANTY DEED),0.29,False,AR
16-26494-000,8/7/1997,0.0,RD(REDEMPTION DEED),0.29,False,AR
16-26494-000,7/25/1997,1000.0,COMMD(COMMISSIONERS DEED),0.29,False,AR
16-26494-000,3/13/1986,6000.0,WD(WARRANTY DEED),0.29,False,AR
16-26495-000,4/10/2014,10.0,WD(WARRANTY DEED),0.31,False,
16-26495-000,8/1/2012,1000.0,SWD(SPECIAL WARRANTY DEED),0.31,False,
16-26495-000,3/11/2011,0.0,COMMD(COMMISSIONERS DEED),0.31,False,
16-26495-000,12/13/2005,12000.0,WD(WARRANTY DEED),0.31,False,
16-26495-000,10/10/2005,0.0,CORRWD(CORRECTED WARRANTY DEED),0.31,False,
16-26495-000,10/10/2005,4000.0,WD(WARRANTY DEED),0.31,False,
16-26495-000,4/9/2003,0.0,WD(WARRANTY DEED),0.31,False,
16-26495-000,12/8/2000,0.0,RD(REDEMPTION DEED),0.31,False,
16-26495-000,7/6/2000,1000.0,COMMD(COMMISSIONERS DEED),0.31,False,
16-26495-000,9/22/1997,1000.0,COMMD(COMMISSIONERS DEED),0.31,False,
16-26495-000,12/26/1984,0.0,DC(DEATH CERTIFICATE),0.31,False,
16-26495-000,7/2/1975,0.0,WD(WARRANTY DEED),0.31,False,
16-26495-000,3/17/1975,6000.0,WD(WARRANTY DEED),0.31,False,
16-26496-000,2/18/2010,1000.0,SWD(SPECIAL WARRANTY DEED),0.29,False,AR
16-26496-000,12/9/2008,0.0,COMMD(COMMISSIONERS DEED),0.29,False,AR
16-26496-000,11/12/1999,0.0,WD(WARRANTY DEED),0.29,False,AR
16-26496-000,9/20/1999,0.0,WD(WARRANTY DEED),0.29,False,AR
16-26496-000,8/28/1989,2000.0,WD(WARRANTY DEED),0.29,False,AR
16-26496-000,3/20/1985,6000.0,WD(WARRANTY DEED),0.29,False,AR
16-26497-000,11/25/2015,0.0,ML(MARRIAGE LICENSE),0.34,False,AR
16-26497-000,9/24/2012,0.0,DC(DEATH CERTIFICATE),0.34,False,AR
16-26497-000,10/17/2007,0.0,RD(REDEMPTION DEED),0.34,False,AR
16-26497-000,5/2/2007,0.0,QCD(QUITCLAIM DEED),0.34,False,AR
16-26497-000,5/28/2004,0.0,QCD(QUITCLAIM DEED),0.34,False,AR
16-26497-000,7/18/2000,1000.0,WD(WARRANTY DEED),0.34,False,AR
16-26497-000,10/20/1983,6000.0,WD(WARRANTY DEED),0.34,False,AR
16-26498-000,8/1/2023,5940.0,SWD(SPECIAL WARRANTY DEED),0.3,False,CA
16-26498-000,3/25/2021,0.0,LWD(LIMITED WARRANTY DEED),0.3,False,CA
16-26498-000,2/26/2010,0.0,QCD(QUITCLAIM DEED),0.3,False,CA
16-26498-000,6/16/2006,6000.0,WD(WARRANTY DEED),0.3,False,CA
16-26498-000,6/18/2001,0.0,QCD(QUITCLAIM DEED),0.3,False,CA
16-26498-000,8/18/1997,0.0,RD(REDEMPTION DEED),0.3,False,CA
16-26498-000,9/10/1996,1000.0,CWD(CORPORATION WARRANTY DEED),0.3,False,CA
16-26498-000,9/10/1996,1000.0,WD(WARRANTY DEED),0.3,False,CA
16-26498-000,6/9/1983,6000.0,WD(WARRANTY DEED),0.3,False,CA
16-26499-000,7/1/2003,0.0,QCD(QUITCLAIM DEED),0.34,False,MO
16-26499-000,1/7/2002,0.0,RD(REDEMPTION DEED),0.34,False,MO
16-26499-000,8/6/1998,6000.0,WD(WARRANTY DEED),0.34,False,MO
16-26499-000,8/6/1998,0.0,RD(REDEMPTION DEED),0.34,False,MO
16-26499-000,7/15/1983,0.0,CONT(CONTRACT),0.34,False,MO
16-26499-000,5/28/1982,5000.0,WD(WARRANTY DEED),0.34,False,MO
16-26500-000,7/10/2023,9000.0,WD(WARRANTY DEED),0.36,False,AR
16-26500-000,12/28/2020,0.0,LWD(LIMITED WARRANTY DEED),0.36,False,AR
16-26500-000,2/26/2010,0.0,QCD(QUITCLAIM DEED),0.36,False,AR
16-26500-000,6/6/2006,6000.0,WD(WARRANTY DEED),0.36,False,AR
16-26500-000,4/17/1989,2000.0,WD(WARRANTY DEED),0.36,False,AR
16-26500-000,5/19/1986,2000.0,WD(WARRANTY DEED),0.36,False,AR
16-26500-000,1/3/1986,1000.0,WD(WARRANTY DEED),0.36,False,AR
16-26500-000,7/2/1982,5000.0,WD(WARRANTY DEED),0.36,False,AR
16-26501-000,6/21/2023,7000.0,SWD(SPECIAL WARRANTY DEED),0.24,False,AR
16-26501-000,2/10/2023,1000.0,QCD(QUITCLAIM DEED),0.24,False,AR
16-26501-000,1/8/2023,0.0,DC(DEATH CERTIFICATE),0.24,False,AR
16-26501-000,4/12/1996,1000.0,WD(WARRANTY DEED),0.24,False,AR
16-26501-000,3/10/1993,0.0,WD(WARRANTY DEED),0.24,False,AR
16-26501-000,9/17/1985,7400.0,WD(WARRANTY DEED),0.24,False,AR
16-26501-000,4/1/1976,0.0,HIST(HISTORICAL),0.24,False,AR
16-26502-000,9/15/2017,0.0,RD(REDEMPTION DEED),0.3,False,MO
16-26502-000,8/17/2017,2700.0,LWD(LIMITED WARRANTY DEED),0.3,False,MO
16-26502-000,8/28/2009,1451000.0,QCD(QUITCLAIM DEED),0.3,False,MO
16-26502-000,8/21/2009,402000.0,DEED(GRANT DEED),0.3,False,MO
16-26502-000,9/15/2008,0.0,DEED(GRANT DEED),0.3,False,MO
16-26502-000,8/12/2005,4000.0,WD(WARRANTY DEED),0.3,False,MO
16-26502-000,7/15/1996,0.0,DC(DEATH CERTIFICATE),0.3,False,MO
16-26502-000,9/2/1976,6000.0,WD(WARRANTY DEED),0.3,False,MO
16-26503-000,3/20/2020,0.0,QCD(QUITCLAIM DEED),0.28,True,AR
16-26503-000,6/28/2018,0.0,QCD(QUITCLAIM DEED),0.28,True,AR
16-26503-000,9/25/2013,79000.0,WD(WARRANTY DEED),0.28,True,AR
16-26503-000,7/19/2002,0.0,WD(WARRANTY DEED),0.28,True,AR
16-26503-000,7/16/2002,0.0,TRAG(TRUST AGREEMENT),0.28,True,AR
16-26503-000,2/3/1984,6000.0,WD(WARRANTY DEED),0.28,True,AR
16-26504-000,12/1/2020,1000.0,QCD(QUITCLAIM DEED),0.28,False,AR
16-26504-000,11/16/2020,0.0,LWD(LIMITED WARRANTY DEED),0.28,False,AR
16-26504-000,2/12/2013,35000.0,SWD(SPECIAL WARRANTY DEED),0.28,False,AR
16-26504-000,1/16/2013,32000.0,SWD(SPECIAL WARRANTY DEED),0.28,False,AR
16-26504-000,3/8/2010,0.0,COMMD(COMMISSIONERS DEED),0.28,False,AR
16-26504-000,11/1/2006,103000.0,WD(WARRANTY DEED),0.28,False,AR
16-26504-000,8/4/2006,0.0,QCD(QUITCLAIM DEED),0.28,False,AR
16-26504-000,6/29/2006,0.0,WD(WARRANTY DEED),0.28,False,AR
16-26504-000,6/23/2006,6000.0,CORRWD(CORRECTED WARRANTY DEED),0.28,False,AR
16-26504-000,6/5/2006,6000.0,WD(WARRANTY DEED),0.28,False,AR
16-26504-000,10/20/1983,6000.0,WD(WARRANTY DEED),0.28,False,AR
16-26505-000,5/13/2021,3000.0,COMMD(COMMISSIONERS DEED),0.28,False,MO
16-26505-000,2/3/2021,0.0,RD(REDEMPTION DEED),0.28,False,MO
16-26505-000,8/28/2009,1451000.0,QCD(QUITCLAIM DEED),0.28,False,MO
16-26505-000,8/21/2009,402000.0,DEED(GRANT DEED),0.28,False,MO
16-26505-000,9/15/2008,0.0,DEED(GRANT DEED),0.28,False,MO
16-26505-000,10/17/2007,4000.0,WD(WARRANTY DEED),0.28,False,MO
16-26505-000,10/9/1991,0.0,QCD(QUITCLAIM DEED),0.28,False,MO
16-26505-000,7/10/1987,2000.0,WD(WARRANTY DEED),0.28,False,MO
16-26505-000,1/5/1987,0.0,WD(WARRANTY DEED),0.28,False,MO
16-26505-000,12/2/1986,6000.0,WD(WARRANTY DEED),0.28,False,MO
16-26505-000,11/8/1983,6000.0,WD(WARRANTY DEED),0.28,False,MO
16-26505-000,9/1/1981,0.0,CONT(CONTRACT),0.28,False,MO
16-26506-000,8/10/2023,18000.0,WD(WARRANTY DEED),0.28,False,AR
16-26506-000,12/28/2020,0.0,LWD(LIMITED WARRANTY DEED),0.28,False,AR
16-26506-000,4/1/2013,39000.0,SWD(SPECIAL WARRANTY DEED),0.28,False,AR
16-26506-000,3/27/2013,0.0,COMMD(COMMISSIONERS DEED),0.28,False,AR
16-26506-000,7/19/2012,1000.0,COMMD(COMMISSIONERS DEED),0.28,False,AR
16-26506-000,11/10/2010,0.0,QCD(QUITCLAIM DEED),0.28,False,AR
16-26506-000,11/24/2008,0.0,WD(WARRANTY DEED),0.28,False,AR
16-26506-000,2/27/2006,6000.0,WD(WARRANTY DEED),0.28,False,AR
16-26506-000,8/5/1999,0.0,OBIT(OBITUARY),0.28,False,AR
16-26506-000,4/6/1994,0.0,CONT(CONTRACT),0.28,False,AR
16-26506-000,3/30/1988,0.0,CONT(CONTRACT),0.28,False,AR
16-26506-000,10/12/1978,0.0,WD(WARRANTY DEED),0.28,False,AR
16-26507-000,6/18/2014,1000.0,COMMD(COMMISSIONERS DEED),0.27,False,AR
16-26507-000,8/22/2013,0.0,RD(REDEMPTION DEED),0.27,False,AR
16-26507-000,3/18/2009,0.0,QCD(QUITCLAIM DEED),0.27,False,AR
16-26507-000,11/24/2008,0.0,WD(WARRANTY DEED),0.27,False,AR
16-26507-000,9/12/2005,3000.0,WD(WARRANTY DEED),0.27,False,AR
16-26507-000,9/12/2005,0.0,POA(POWER OF ATTORNEY),0.27,False,AR
16-26507-000,4/6/2000,0.0,QCD(QUITCLAIM DEED),0.27,False,AR
16-26507-000,4/6/2000,0.0,QCD(QUITCLAIM DEED),0.27,False,AR
16-26507-000,3/15/2000,0.0,QCD(QUITCLAIM DEED),0.27,False,AR
16-26507-000,4/19/1994,0.0,WD(WARRANTY DEED),0.27,False,AR
16-26507-000,3/29/1994,0.0,RD(REDEMPTION DEED),0.27,False,AR
16-26507-000,8/19/1981,0.0,CONT(CONTRACT),0.27,False,AR
16-26507-000,11/23/1976,6000.0,WD(WARRANTY DEED),0.27,False,AR
16-26508-000,3/28/2012,0.0,SWD(SPECIAL WARRANTY DEED),0.28,True,AR
16-26508-000,3/12/2012,0.0,SWD(SPECIAL WARRANTY DEED),0.28,True,AR
16-26508-000,1/18/2012,0.0,MTG-D(MORTGAGEE'S DEED),0.28,True,AR
16-26508-000,1/22/2008,298000.0,WD(WARRANTY DEED),0.28,True,AR
16-26508-000,6/30/2006,0.0,WD(WARRANTY DEED),0.28,True,AR
16-26508-000,8/29/2005,3000.0,WD(WARRANTY DEED),0.28,True,AR
16-26508-000,12/22/2000,36000.0,WD(WARRANTY DEED),0.28,True,AR
16-26508-000,12/21/2000,0.0,WD(WARRANTY DEED),0.28,True,AR
16-26508-000,9/5/2000,0.0,WD(WARRANTY DEED),0.28,True,AR
16-26508-000,12/9/1981,6000.0,WD(WARRANTY DEED),0.28,True,AR
16-26509-000,1/19/2018,90000.0,WD(WARRANTY DEED),0.45,True,AR
16-26509-000,9/28/2016,0.0,OTHER(OTHER DOCUMENT),0.45,True,AR
16-26509-000,9/28/2016,0.0,DC(DEATH CERTIFICATE),0.45,True,AR
16-26509-000,10/20/2005,44000.0,WD(WARRANTY DEED),0.45,True,AR
16-26509-000,12/30/1999,48000.0,WD(WARRANTY DEED),0.45,True,AR
16-26509-000,10/3/1996,66000.0,WD(WARRANTY DEED),0.45,True,AR
16-26509-000,8/16/1989,0.0,WD(WARRANTY DEED),0.45,True,AR
16-26509-000,5/11/1989,26000.0,WD(WARRANTY DEED),0.45,True,AR
16-26509-000,3/17/1989,0.0,DC(DEATH CERTIFICATE),0.45,True,AR
16-26509-000,3/9/1989,35000.0,WD(WARRANTY DEED),0.45,True,AR
16-26509-000,8/31/1983,43000.0,WD(WARRANTY DEED),0.45,True,AR
16-26511-000,3/16/2010,90000.0,SWD(SPECIAL WARRANTY DEED),0.82,True,AR
16-26511-000,7/6/2009,0.0,MTG-D(MORTGAGEE'S DEED),0.82,True,AR
16-26511-000,8/29/2005,142000.0,WD(WARRANTY DEED),0.82,True,AR
16-26511-000,5/4/2004,6000.0,WD(WARRANTY DEED),0.82,True,AR
16-26511-000,4/15/2004,3000.0,WD(WARRANTY DEED),0.82,True,AR
16-26511-000,9/12/1991,0.0,WD(WARRANTY DEED),0.82,True,AR
16-26513-000,9/11/2020,0.0,QCD(QUITCLAIM DEED),0.28,False,MO
16-26513-000,3/12/2010,1000.0,COMMD(COMMISSIONERS DEED),0.28,False,MO
16-26513-000,12/29/2009,0.0,RD(REDEMPTION DEED),0.28,False,MO
16-26513-000,4/1/2003,0.0,QCD(QUITCLAIM DEED),0.28,False,MO
16-26513-000,4/1/2003,0.0,DC(DEATH CERTIFICATE),0.28,False,MO
16-26513-000,2/18/1980,6000.0,WD(WARRANTY DEED),0.28,False,MO
16-26514-000,7/16/2021,12000.0,WD(WARRANTY DEED),0.33,True,AR
16-26514-000,6/7/2005,0.0,WD(WARRANTY DEED),0.33,True,AR
16-26514-000,6/7/2005,4000.0,WD(WARRANTY DEED),0.33,True,AR
16-26514-000,5/15/1997,0.0,WD(WARRANTY DEED),0.33,True,AR
16-26514-000,5/17/1990,0.0,CONT(CONTRACT),0.33,True,AR
16-26514-000,2/13/1986,0.0,WD(WARRANTY DEED),0.33,True,AR
16-26514-000,7/12/1985,0.0,WD(WARRANTY DEED),0.33,True,AR
16-26514-000,1/13/1982,7000.0,WD(WARRANTY DEED),0.33,True,AR
16-26515-000,9/22/2015,15000.0,WD(WARRANTY DEED),0.27,False,NV
16-26515-000,10/5/2011,0.0,QCD(QUITCLAIM DEED),0.27,False,NV
16-26515-000,10/5/2011,1693333.0,CORRQC(CORRECTED QUIT CLAIM DEED),0.27,False,NV
16-26515-000,11/24/2008,0.0,WD(WARRANTY DEED),0.27,False,NV
16-26515-000,9/14/2005,6000.0,WD(WARRANTY DEED),0.27,False,NV
16-26515-000,4/13/1995,0.0,QCD(QUITCLAIM DEED),0.27,False,NV
16-26515-000,6/26/1992,0.0,WD(WARRANTY DEED),0.27,False,NV
16-26515-000,4/19/1991,0.0,CONT(CONTRACT),0.27,False,NV
16-26515-000,10/18/1989,0.0,CONT(CONTRACT),0.27,False,NV
16-26515-000,3/4/1987,0.0,CONT(CONTRACT),0.27,False,NV
16-26515-000,3/2/1987,0.0,DC(DEATH CERTIFICATE),0.27,False,NV
16-26515-000,10/20/1983,6000.0,WD(WARRANTY DEED),0.27,False,NV
16-26515-000,8/1/1981,0.0,CONT(CONTRACT),0.27,False,NV
16-26516-000,5/21/2023,0.0,WD(WARRANTY DEED),0.32,False,FL
16-26516-000,8/3/2022,10.0,QCD(QUITCLAIM DEED),0.32,False,FL
16-26516-000,12/9/2009,1000.0,SWD(SPECIAL WARRANTY DEED),0.32,False,FL
16-26516-000,11/18/2005,6000.0,WD(WARRANTY DEED),0.32,False,FL
16-26516-000,3/4/1991,2000.0,WD(WARRANTY DEED),0.32,False,FL
16-26516-000,11/20/1990,1000.0,WD(WARRANTY DEED),0.32,False,FL
16-26517-000,6/23/2010,1000.0,SWD(SPECIAL WARRANTY DEED),0.29,False,AR
16-26517-000,4/6/2010,0.0,COMMD(COMMISSIONERS DEED),0.29,False,AR
16-26517-000,11/7/2005,5000.0,WD(WARRANTY DEED),0.29,False,AR
16-26517-000,8/1/1983,6000.0,WD(WARRANTY DEED),0.29,False,AR
16-26518-000,8/31/2023,333000.0,WD(WARRANTY DEED),0.27,False,AR
16-26518-000,8/31/2023,0.0,BD(BENEFICIARY DEED),0.27,False,AR
16-26518-000,5/19/2023,0.0,BD(BENEFICIARY DEED),0.27,False,AR
16-26518-000,1/9/2007,9000.0,WD(WARRANTY DEED),0.27,False,AR
16-26518-000,7/10/1987,0.0,RD(REDEMPTION DEED),0.27,False,AR
16-26518-000,1/23/1984,0.0,HIST(HISTORICAL),0.27,False,AR
16-26518-000,1/10/1984,6000.0,WD(WARRANTY DEED),0.27,False,AR
16-26518-000,8/9/1981,5000.0,WD(WARRANTY DEED),0.27,False,AR
16-26519-000,8/31/2023,333000.0,WD(WARRANTY DEED),0.35,True,AR
16-26519-000,8/31/2023,0.0,BD(BENEFICIARY DEED),0.35,True,AR
16-26519-000,2/26/2014,0.0,BD(BENEFICIARY DEED),0.35,True,AR
16-26519-000,5/5/2006,10000.0,WD(WARRANTY DEED),0.35,True,AR
16-26519-000,6/21/2000,0.0,ML(MARRIAGE LICENSE),0.35,True,AR
16-26519-000,7/11/1997,0.0,RD(REDEMPTION DEED),0.35,True,AR
16-26519-000,6/11/1997,3000.0,WD(WARRANTY DEED),0.35,True,AR
16-26519-000,5/29/1997,0.0,CONT(CONTRACT),0.35,True,AR
16-26519-000,8/9/1990,0.0,DC(DEATH CERTIFICATE),0.35,True,AR
16-26519-000,4/27/1990,0.0,CONT(CONTRACT),0.35,True,AR
16-26519-000,4/13/1987,6000.0,WD(WARRANTY DEED),0.35,True,AR
16-26519-000,7/1/1978,0.0,HIST(HISTORICAL),0.35,True,AR
16-26520-000,"1,455",291.0,291,13.27,False,AR
16-26520-000,0,0.0,0,13.27,False,AR
16-26520-000,"1,455",291.0,291,13.27,False,AR
16-26520-000,,291.0,291,13.27,False,AR
16-26520-000,,0.06193,0.06193,13.27,False,AR
16-26520-000,,2.65,2.65,13.27,False,AR
16-31044-000,3/4/2015,8000.0,SWD(SPECIAL WARRANTY DEED),0.99,False,FL
16-31044-000,6/15/2010,0.0,SWD(SPECIAL WARRANTY DEED),0.99,False,FL
16-31044-000,9/30/2005,6000.0,WD(WARRANTY DEED),0.99,False,FL
16-31044-000,8/8/2005,0.0,WD(WARRANTY DEED),0.99,False,FL
16-31044-000,2/22/1990,7000.0,WD(WARRANTY DEED),0.99,False,FL
16-31044-000,9/9/1987,0.0,WD(WARRANTY DEED),0.99,False,FL
16-31044-000,1/14/1985,5500.0,WD(WARRANTY DEED),0.99,False,FL
16-31045-000,3/11/2021,1000.0,SWD(SPECIAL WARRANTY DEED),0.28,False,AR
16-31045-000,3/3/2021,0.0,QCD(QUITCLAIM DEED),0.28,False,AR
16-31045-000,4/16/2004,0.0,QCD(QUITCLAIM DEED),0.28,False,AR
16-31045-000,10/29/1998,1000.0,WD(WARRANTY DEED),0.28,False,AR
16-31045-000,1/22/1998,0.0,QCD(QUITCLAIM DEED),0.28,False,AR
16-31045-000,11/7/1997,1000.0,WD(WARRANTY DEED),0.28,False,AR
16-31045-000,3/13/1996,1000.0,CWD(CORPORATION WARRANTY DEED),0.28,False,AR
16-31045-000,3/13/1996,1000.0,WD(WARRANTY DEED),0.28,False,AR
16-31045-000,5/27/1993,0.0,CORRWD(CORRECTED WARRANTY DEED),0.28,False,AR
16-31045-000,8/5/1992,0.0,WD(WARRANTY DEED),0.28,False,AR
16-31045-000,8/5/1992,1000.0,WD(WARRANTY DEED),0.28,False,AR
16-31045-000,8/5/1992,1000.0,WD(WARRANTY DEED),0.28,False,AR
16-31045-000,11/21/1980,0.0,WD(WARRANTY DEED),0.28,False,AR
16-31046-000,5/27/2022,1000.0,QCD(QUITCLAIM DEED),0.23,False,AR
16-31046-000,12/2/2021,0.0,COMMD(COMMISSIONERS DEED),0.23,False,AR
16-31046-000,1/4/2006,6000.0,WD(WARRANTY DEED),0.23,False,AR
16-31046-000,5/31/2004,6000.0,DC(DEATH CERTIFICATE),0.23,False,AR
16-31046-000,8/15/1989,4500.0,WD(WARRANTY DEED),0.23,False,AR
16-31047-000,6/11/2010,1000.0,SWD(SPECIAL WARRANTY DEED),0.45,False,AR
16-31047-000,5/2/2008,0.0,COMMD(COMMISSIONERS DEED),0.45,False,AR
16-31047-000,2/11/2008,0.0,RD(REDEMPTION DEED),0.45,False,AR
16-31047-000,10/3/1991,0.0,MEMO(MEMORANDUM),0.45,False,AR
16-31047-000,10/3/1991,0.0,QCD(QUITCLAIM DEED),0.45,False,AR
16-31047-000,9/6/1991,0.0,AFF(AFFIDAVIT),0.45,False,AR
16-31047-000,7/18/1991,0.0,DC(DEATH CERTIFICATE),0.45,False,AR
16-31047-000,9/6/1985,6800.0,WD(WARRANTY DEED),0.45,False,AR
16-31048-000,11/11/2024,0.0,OBIT(OBITUARY),0.48,False,OK
16-31048-000,4/8/2005,0.0,QCD(QUITCLAIM DEED),0.48,False,OK
16-31048-000,9/5/1989,0.0,QCD(QUITCLAIM DEED),0.48,False,OK
16-31048-000,6/27/1985,0.0,WD(WARRANTY DEED),0.48,False,OK
16-31049-000,1/3/1985,6000.0,WD(WARRANTY DEED),1.19,False,OK
16-31050-000,1/3/2024,10000.0,WD(WARRANTY DEED),1.24,False,CO
16-31050-000,10/4/2021,0.0,LWD(LIMITED WARRANTY DEED),1.24,False,CO
16-31050-000,1/25/2006,0.0,RD(REDEMPTION DEED),1.24,False,CO
16-31050-000,12/14/2005,6000.0,WD(WARRANTY DEED),1.24,False,CO
16-31050-000,10/11/2004,0.0,CORRWD(CORRECTED WARRANTY DEED),1.24,False,CO
16-31050-000,5/17/2004,1000.0,WD(WARRANTY DEED),1.24,False,CO
16-31050-000,6/16/2003,0.0,WD(WARRANTY DEED),1.24,False,CO
16-31050-000,9/19/2000,0.0,COMMD(COMMISSIONERS DEED),1.24,False,CO
16-31050-000,9/19/2000,0.0,COMMD(COMMISSIONERS DEED),1.24,False,CO
16-31050-000,6/17/1977,6000.0,WD(WARRANTY DEED),1.24,False,CO
16-31051-000,1/3/2024,30000.0,WD(WARRANTY DEED),0.26,False,CO
16-31051-000,10/12/2021,3000.0,TRWD(TRUSTEES WARRANTY DEED),0.26,False,CO
16-31051-000,10/12/2021,0.0,CORRWD(CORRECTED WARRANTY DEED),0.26,False,CO
16-31051-000,10/1/2021,0.0,CORRQC(CORRECTED QUIT CLAIM DEED),0.26,False,CO
16-31051-000,11/29/2020,0.0,DC(DEATH CERTIFICATE),0.26,False,CO
16-31051-000,5/6/2019,0.0,TRWD(TRUSTEES WARRANTY DEED),0.26,False,CO
16-31051-000,3/4/2019,0.0,CERT(CERTIFICATE),0.26,False,CO
16-31051-000,3/4/2019,0.0,CERT(CERTIFICATE),0.26,False,CO
16-31051-000,11/21/2018,0.0,DC(DEATH CERTIFICATE),0.26,False,CO
16-31051-000,11/21/2018,0.0,DC(DEATH CERTIFICATE),0.26,False,CO
16-31051-000,12/5/2016,0.0,WD(WARRANTY DEED),0.26,False,CO
16-31051-000,4/19/2002,1000.0,QCD(QUITCLAIM DEED),0.26,False,CO
16-31051-000,10/31/2001,1000.0,QCD(QUITCLAIM DEED),0.26,False,CO
16-31051-000,4/21/1993,0.0,QCD(QUITCLAIM DEED),0.26,False,CO
16-31051-000,7/5/1992,0.0,DC(DEATH CERTIFICATE),0.26,False,CO
16-31051-000,2/21/1985,7000.0,WD(WARRANTY DEED),0.26,False,CO
16-31052-000,12/27/2021,0.0,QCD(QUITCLAIM DEED),0.36,False,AR
16-31052-000,8/14/2014,0.0,AFF(AFFIDAVIT),0.36,False,AR
16-31052-000,5/29/2001,1000.0,SWD(SPECIAL WARRANTY DEED),0.36,False,AR
16-31052-000,10/16/2000,300.0,COMMD(COMMISSIONERS DEED),0.36,False,AR
16-31052-000,12/29/1999,0.0,RD(REDEMPTION DEED),0.36,False,AR
16-31052-000,2/10/1983,8000.0,WD(WARRANTY DEED),0.36,False,AR
16-31053-000,6/8/2020,0.0,CWD(CORPORATION WARRANTY DEED),0.3,False,AR
16-31053-000,9/15/2019,0.0,QCD(QUITCLAIM DEED),0.3,False,AR
16-31053-000,8/7/2003,1000.0,WD(WARRANTY DEED),0.3,False,AR
16-31053-000,6/3/1985,7000.0,WD(WARRANTY DEED),0.3,False,AR
16-31054-000,9/24/2020,1000.0,QCD(QUITCLAIM DEED),0.37,False,AR
16-31054-000,9/1/2020,0.0,LWD(LIMITED WARRANTY DEED),0.37,False,AR
16-31054-000,5/7/1990,2000.0,WD(WARRANTY DEED),0.37,False,AR
16-31054-000,11/2/1984,0.0,WD(WARRANTY DEED),0.37,False,AR
16-31055-000,2/20/2025,8800.0,WD(WARRANTY DEED),0.26,False,AR
16-31055-000,8/30/2024,5000.0,WD(WARRANTY DEED),0.26,False,AR
16-31055-000,12/14/2021,2000.0,SWD(SPECIAL WARRANTY DEED),0.26,False,AR
16-31055-000,8/30/2021,0.0,QCD(QUITCLAIM DEED),0.26,False,AR
16-31055-000,1/18/2001,0.0,WD(WARRANTY DEED),0.26,False,AR
16-31055-000,8/2/1982,4000.0,WD(WARRANTY DEED),0.26,False,AR
16-31056-000,6/27/2023,80000.0,WD(WARRANTY DEED),0.29,True,AR
16-31056-000,8/4/2022,44000.0,WD(WARRANTY DEED),0.29,True,AR
16-31056-000,5/5/2015,330000.0,WD(WARRANTY DEED),0.29,True,AR
16-31056-000,8/3/2012,354000.0,WD(WARRANTY DEED),0.29,True,AR
16-31056-000,10/16/2006,0.0,CORRWD(CORRECTED WARRANTY DEED),0.29,True,AR
16-31056-000,2/16/2006,7000.0,WD(WARRANTY DEED),0.29,True,AR
16-31056-000,12/16/2005,3000.0,WD(WARRANTY DEED),0.29,True,AR
16-31056-000,6/6/1997,0.0,WD(WARRANTY DEED),0.29,True,AR
16-31056-000,7/22/1982,4000.0,WD(WARRANTY DEED),0.29,True,AR
16-31057-000,6/27/2023,80000.0,WD(WARRANTY DEED),0.32,False,AR
16-31057-000,8/4/2022,44000.0,WD(WARRANTY DEED),0.32,False,AR
16-31057-000,5/5/2015,330000.0,WD(WARRANTY DEED),0.32,False,AR
16-31057-000,8/3/2012,354000.0,WD(WARRANTY DEED),0.32,False,AR
16-31057-000,12/27/2005,5000.0,WD(WARRANTY DEED),0.32,False,AR
16-31057-000,12/21/2005,0.0,MEMO(MEMORANDUM),0.32,False,AR
16-31057-000,9/5/2001,1000.0,QCD(QUITCLAIM DEED),0.32,False,AR
16-31057-000,12/20/1992,0.0,DC(DEATH CERTIFICATE),0.32,False,AR
16-31057-000,8/1/1985,6000.0,WD(WARRANTY DEED),0.32,False,AR
16-31058-000,4/11/2023,30000.0,AFF(AFFIDAVIT),0.31,False,CA
16-31058-000,8/18/2022,30000.0,WD(WARRANTY DEED),0.31,False,CA
16-31058-000,11/20/2015,2500.0,WD(WARRANTY DEED),0.31,False,CA
16-31058-000,8/29/2008,150000.0,WD(WARRANTY DEED),0.31,False,CA
16-31058-000,11/7/2005,5000.0,WD(WARRANTY DEED),0.31,False,CA
16-31058-000,3/5/2002,1000.0,COMMD(COMMISSIONERS DEED),0.31,False,CA
16-31058-000,11/5/2001,0.0,RD(REDEMPTION DEED),0.31,False,CA
16-31058-000,1/15/1990,8000.0,WD(WARRANTY DEED),0.31,False,CA
16-31058-000,5/20/1988,0.0,COMMD(COMMISSIONERS DEED),0.31,False,CA
16-31058-000,7/22/1983,7000.0,WD(WARRANTY DEED),0.31,False,CA
16-31059-000,4/11/2023,30000.0,AFF(AFFIDAVIT),0.29,False,CA
16-31059-000,8/18/2022,0.0,QCD(QUITCLAIM DEED),0.29,False,CA
16-31059-000,7/2/2021,5000.0,CORRQC(CORRECTED QUIT CLAIM DEED),0.29,False,CA
16-31059-000,7/2/2021,5000.0,QCD(QUITCLAIM DEED),0.29,False,CA
16-31059-000,12/3/2015,0.0,BOS(BILL OF SALE),0.29,False,CA
16-31059-000,6/9/2010,0.0,BOS(BILL OF SALE),0.29,False,CA
16-31059-000,8/6/2008,0.0,TRAG(TRUST AGREEMENT),0.29,False,CA
16-31059-000,8/6/2008,0.0,WD(WARRANTY DEED),0.29,False,CA
16-31059-000,7/11/2000,1000.0,WD(WARRANTY DEED),0.29,False,CA
16-31059-000,6/5/2000,1000.0,WD(WARRANTY DEED),0.29,False,CA
16-31059-000,1/17/1992,4000.0,WD(WARRANTY DEED),0.29,False,CA
16-31059-000,10/22/1985,0.0,COMMD(COMMISSIONERS DEED),0.29,False,CA
16-31059-000,5/6/1983,7000.0,WD(WARRANTY DEED),0.29,False,CA
16-31060-000,4/11/2023,30000.0,AFF(AFFIDAVIT),0.34,False,CA
16-31060-000,8/18/2022,30000.0,WD(WARRANTY DEED),0.34,False,CA
16-31060-000,1/28/2022,8000.0,QCD(QUITCLAIM DEED),0.34,False,CA
16-31060-000,12/4/1985,6000.0,WD(WARRANTY DEED),0.34,False,CA
16-31061-000,2/2/2023,6500.0,WD(WARRANTY DEED),0.33,False,CA
16-31061-000,1/13/2023,1750.0,WD(WARRANTY DEED),0.33,False,CA
16-31061-000,9/18/2017,0.0,QCD(QUITCLAIM DEED),0.33,False,CA
16-31061-000,7/14/1982,0.0,WD(WARRANTY DEED),0.33,False,CA
16-31062-000,4/14/2010,0.0,RD(REDEMPTION DEED),0.31,False,AR
16-31062-000,11/24/2003,0.0,RD(REDEMPTION DEED),0.31,False,AR
16-31062-000,6/13/1996,0.0,QCD(QUITCLAIM DEED),0.31,False,AR
16-31062-000,3/28/1996,0.0,QCD(QUITCLAIM DEED),0.31,False,AR
16-31062-000,5/27/1995,1000.0,QCD(QUITCLAIM DEED),0.31,False,AR
16-31062-000,10/31/1994,0.0,QCD(QUITCLAIM DEED),0.31,False,AR
16-31062-000,11/11/1991,0.0,CONT(CONTRACT),0.31,False,AR
16-31062-000,5/9/1983,0.0,CONT(CONTRACT),0.31,False,AR
16-31062-000,10/22/1982,4000.0,WD(WARRANTY DEED),0.31,False,AR
16-31063-000,6/7/2019,245000.0,SWD(SPECIAL WARRANTY DEED),0.28,True,AR
16-31063-000,4/30/2018,0.0,LWD(LIMITED WARRANTY DEED),0.28,True,AR
16-31063-000,2/22/2017,4000.0,WD(WARRANTY DEED),0.28,True,AR
16-31063-000,8/29/2008,150000.0,WD(WARRANTY DEED),0.28,True,AR
16-31063-000,5/4/2006,35000.0,WD(WARRANTY DEED),0.28,True,AR
16-31063-000,12/19/2005,35000.0,QCD(QUITCLAIM DEED),0.28,True,AR
16-31063-000,9/30/2005,6000.0,WD(WARRANTY DEED),0.28,True,AR
16-31063-000,3/27/1998,1000.0,WD(WARRANTY DEED),0.28,True,AR
16-31063-000,9/30/1997,0.0,QCD(QUITCLAIM DEED),0.28,True,AR
16-31063-000,7/2/1996,0.0,CONT(CONTRACT),0.28,True,AR
16-31063-000,11/21/1995,0.0,DC(DEATH CERTIFICATE),0.28,True,AR
16-31063-000,6/17/1988,0.0,DC(DEATH CERTIFICATE),0.28,True,AR
16-31063-000,4/12/1983,0.0,CONT(CONTRACT),0.28,True,AR
16-31064-000,1/22/2025,0.0,QCD(QUITCLAIM DEED),0.28,False,AR
16-31064-000,9/24/2003,1000.0,WD(WARRANTY DEED),0.28,False,AR
16-31064-000,12/20/1994,1000.0,CWD(CORPORATION WARRANTY DEED),0.28,False,AR
16-31064-000,12/16/1994,1000.0,WD(WARRANTY DEED),0.28,False,AR
16-31064-000,12/16/1993,0.0,WD(WARRANTY DEED),0.28,False,AR
16-31064-000,10/12/1993,0.0,OBIT(OBITUARY),0.28,False,AR
16-31064-000,1/10/1985,7000.0,WD(WARRANTY DEED),0.28,False,AR
16-31065-000,2/27/2012,1000.0,SWD(SPECIAL WARRANTY DEED),0.28,False,AR
16-31065-000,2/16/2012,1000.0,SWD(SPECIAL WARRANTY DEED),0.28,False,AR
16-31065-000,11/14/2008,0.0,COMMD(COMMISSIONERS DEED),0.28,False,AR
16-31065-000,1/4/1993,0.0,WD(WARRANTY DEED),0.28,False,AR
16-31065-000,2/27/1986,0.0,WD(WARRANTY DEED),0.28,False,AR
16-31065-000,8/28/1984,0.0,WD(WARRANTY DEED),0.28,False,AR
16-31066-000,6/2/2022,8000.0,WD(WARRANTY DEED),0.27,False,AR
16-31066-000,4/1/2022,10.0,QCD(QUITCLAIM DEED),0.27,False,AR
16-31066-000,4/9/2021,0.0,LWD(LIMITED WARRANTY DEED),0.27,False,AR
16-31066-000,8/28/2009,1451000.0,QCD(QUITCLAIM DEED),0.27,False,AR
16-31066-000,8/21/2009,402000.0,DEED(GRANT DEED),0.27,False,AR
16-31066-000,9/15/2008,0.0,DEED(GRANT DEED),0.27,False,AR
16-31066-000,12/19/2005,8000.0,WD(WARRANTY DEED),0.27,False,AR
16-31066-000,4/13/2004,5000.0,QCD(QUITCLAIM DEED),0.27,False,AR
16-31066-000,4/14/2003,0.0,WD(WARRANTY DEED),0.27,False,AR
16-31066-000,12/29/1986,8000.0,WD(WARRANTY DEED),0.27,False,AR
16-31066-000,1/10/1985,8000.0,WD(WARRANTY DEED),0.27,False,AR
16-31067-000,4/1/2019,1200.0,SWD(SPECIAL WARRANTY DEED),0.28,False,AR
16-31067-000,7/25/2013,0.0,QCD(QUITCLAIM DEED),0.28,False,AR
16-31067-000,1/25/2013,0.0,FD(FIDUCIARY DEED),0.28,False,AR
16-31067-000,9/21/2012,0.0,AFF(AFFIDAVIT),0.28,False,AR
16-31067-000,11/7/2011,0.0,DC(DEATH CERTIFICATE),0.28,False,AR
16-31067-000,2/10/2002,0.0,DC(DEATH CERTIFICATE),0.28,False,AR
16-31067-000,4/1/1985,1800.0,WD(WARRANTY DEED),0.28,False,AR
16-31067-000,2/20/1985,1000.0,WD(WARRANTY DEED),0.28,False,AR
16-31068-000,8/9/2024,17000.0,WD(WARRANTY DEED),0.31,False,TX
16-31068-000,3/30/2023,4000.0,TRWD(TRUSTEES WARRANTY DEED),0.31,False,TX
16-31068-000,3/17/2022,0.0,CERT(CERTIFICATE),0.31,False,TX
16-31068-000,1/7/2021,0.0,DC(DEATH CERTIFICATE),0.31,False,TX
16-31068-000,9/25/2000,0.0,WD(WARRANTY DEED),0.31,False,TX
16-31068-000,2/6/1987,2000.0,WD(WARRANTY DEED),0.31,False,TX
16-31068-000,10/3/1986,1000.0,WD(WARRANTY DEED),0.31,False,TX
16-31068-000,12/12/1980,0.0,WD(WARRANTY DEED),0.31,False,TX
16-31069-000,8/9/2024,17000.0,WD(WARRANTY DEED),0.24,False,TX
16-31069-000,3/31/2023,4200.0,WD(WARRANTY DEED),0.24,False,TX
16-31069-000,5/6/2021,0.0,LWD(LIMITED WARRANTY DEED),0.24,False,TX
16-31069-000,5/15/2003,0.0,RD(REDEMPTION DEED),0.24,False,TX
16-31069-000,2/2/1990,7000.0,WD(WARRANTY DEED),0.24,False,TX
16-31069-000,11/12/1985,7000.0,WD(WARRANTY DEED),0.24,False,TX
16-31069-000,11/21/1975,7000.0,WD(WARRANTY DEED),0.24,False,TX
16-31071-000,9/8/2020,0.0,QCD(QUITCLAIM DEED),1.49,False,MO
16-31071-000,7/9/2020,0.0,QCD(QUITCLAIM DEED),1.49,False,MO
16-31071-000,6/16/1978,4000.0,WD(WARRANTY DEED),1.49,False,MO
16-31072-000,1/30/2019,0.0,LWD(LIMITED WARRANTY DEED),1.12,False,AR
16-31072-000,8/28/2009,1451000.0,QCD(QUITCLAIM DEED),1.12,False,AR
16-31072-000,8/21/2009,402000.0,DEED(GRANT DEED),1.12,False,AR
16-31072-000,9/15/2008,0.0,DEED(GRANT DEED),1.12,False,AR
16-31072-000,3/6/2006,500000.0,WD(WARRANTY DEED),1.12,False,AR
16-31072-000,11/18/2005,6000.0,WD(WARRANTY DEED),1.12,False,AR
16-31072-000,2/27/1997,0.0,CONT(CONTRACT),1.12,False,AR
16-31072-000,8/8/1986,3000.0,WD(WARRANTY DEED),1.12,False,AR
16-31073-000,8/10/2022,8000.0,WD(WARRANTY DEED),1.24,False,TX
16-31073-000,2/12/2018,0.0,QCD(QUITCLAIM DEED),1.24,False,TX
16-31073-000,6/23/2016,0.0,DC(DEATH CERTIFICATE),1.24,False,TX
16-31073-000,3/30/1987,3000.0,WD(WARRANTY DEED),1.24,False,TX
16-31074-000,7/17/2019,2500.0,SWD(SPECIAL WARRANTY DEED),1.17,False,OK
16-31074-000,8/4/2016,0.0,COMMD(COMMISSIONERS DEED),1.17,False,OK
16-31074-000,3/29/2016,0.0,RD(REDEMPTION DEED),1.17,False,OK
16-31074-000,5/18/2012,0.0,RD(REDEMPTION DEED),1.17,False,OK
16-31074-000,6/16/2006,6000.0,WD(WARRANTY DEED),1.17,False,OK
16-31074-000,11/26/1986,0.0,WD(WARRANTY DEED),1.17,False,OK
16-31075-000,"1,485",297.0,297,13.87,False,AR
16-31075-000,0,0.0,0,13.87,False,AR
16-31075-000,"1,485",297.0,297,13.87,False,AR
16-31075-000,,297.0,297,13.87,False,AR
16-31075-000,,0.06193,0.06193,13.87,False,AR
16-31075-000,,2.77,2.77,13.87,False,AR
16-31075-001,0,0.0,0,4.13,False,AR
16-31075-001,0,0.0,0,4.13,False,AR
16-31075-001,0,0.0,0,4.13,False,AR
16-31075-001,,0.0,0,4.13,False,AR
16-31075-001,,0.06193,0.06193,4.13,False,AR
18-09409-000,4/24/2025,0.0,CERT(CERTIFICATE),4.29,False,AR
18-09409-000,2/28/2023,0.0,CERT(CERTIFICATE),4.29,False,AR
18-09409-000,1/26/2017,0.0,CERT(CERTIFICATE),4.29,False,AR
18-09409-000,5/21/2009,0.0,CORRQC(CORRECTED QUIT CLAIM DEED),4.29,False,AR
18-09409-000,11/20/2007,0.0,MEMO(MEMORANDUM),4.29,False,AR
18-09409-000,1/6/2007,0.0,DC(DEATH CERTIFICATE),4.29,False,AR
18-09409-000,1/7/2003,390000.0,WD(WARRANTY DEED),4.29,False,AR
18-09409-000,10/31/2002,0.0,DC(DEATH CERTIFICATE),4.29,False,AR
18-09409-000,11/22/2000,0.0,DC(DEATH CERTIFICATE),4.29,False,AR
18-09409-000,7/30/1991,0.0,WD(WARRANTY DEED),4.29,False,AR
18-09409-000,7/29/1991,0.0,TRAG(TRUST AGREEMENT),4.29,False,AR
18-09409-000,6/4/1987,0.0,CORRWD(CORRECTED WARRANTY DEED),4.29,False,AR
18-09409-000,7/31/1986,0.0,WD(WARRANTY DEED),4.29,False,AR
18-09409-000,10/8/1982,110000.0,COMMD(COMMISSIONERS DEED),4.29,False,AR
18-09409-000,1/24/1981,0.0,CONT(CONTRACT),4.29,False,AR
18-09409-000,4/4/1977,147000.0,WD(WARRANTY DEED),4.29,False,AR
18-09410-000,10/31/2019,0.0,CERT(CERTIFICATE),11.3,False,AR
18-09410-000,10/31/2019,0.0,TRD(TRUSTEES DEED),11.3,False,AR
18-09410-000,10/31/2019,0.0,CERT(CERTIFICATE),11.3,False,AR
18-09410-000,3/3/2017,0.0,DC(DEATH CERTIFICATE),11.3,False,AR
18-09410-000,7/13/2011,0.0,CERT(CERTIFICATE),11.3,False,AR
18-09410-000,7/13/2011,0.0,CERT(CERTIFICATE),11.3,False,AR
18-09410-000,4/11/2001,0.0,CERT(CERTIFICATE),11.3,False,AR
18-09410-000,4/11/2001,0.0,CERT(CERTIFICATE),11.3,False,AR
18-09410-000,4/11/2001,0.0,WD(WARRANTY DEED),11.3,False,AR
18-09410-000,5/31/1973,5000.0,WD(WARRANTY DEED),11.3,False,AR
